72
1167
911
3240
2404
70
2325
130
2246
1849
554
623
670
1088
2444
1819
1467
2945
2783
3527
3371
550
3249
922
1998
1280
446
2933
3156
2680
3510
883
2815
1169
2433
1764
3485
3430
1270
3300
2518
385
2514
1310
399
3271
2164
2214
392
2742
374
690
2231
300
121
2165
637
937
923
1469
350
826
1365
1495
2492
1738
932
2290
811
2491
471
953
466
1771
2689
265
3080
716
2211
159
298
3201
1451
1561
1572
1832
1400
177
1093
1514
2952
1297
2557
1690
3448
263
1890
2841
3515
1165
1801
3104
1396
2449
2439
3514
2289
2694
558
1317
3535
3477
3339
2670
3552
3529
2397
2645
400
2076
2795
2196
1459
2353
742
348
565
978
1737
373
2216
1826
1924
1747
2438
28
2607
2791
625
1371
630
160
2174
2240
3290
2354
3342
2003
540
408
2559
998
2130
2676
2837
294
1447
2277
520
2466
2549
3138
2476
404
1207
1003
1983
1770
758
170
668
120
913
2579
492
3415
671
1452
2143
1717
3288
1933
2734
1105
1375
3130
423
3450
3100
823
1713
768
3495
2930
320
3471
2229
2399
424
213
766
632
44
1143
830
824
1957
1930
847
2816
3502
3432
2169
1318
2959
165
3483
1293
2654
2265
3444
2681
1140
2241
2668
1288
1793
1300
2181
3351
855
1125
357
2540
2119
1417
1579
2190
1641
2070
3387
2026
626
2283
1302
3129
1265
2610
2424
3173
3174
2409
2926
633
475
548
3341
2059
2545
1201
2948
717
1647
1263
1468
2051
39
244
2981
2121
1831
2971
575
1492
1272
1108
179
2047
2611
2960
1087
1067
3053
422
2732
3389
1085
2758
113
2616
1878
3377
829
3281
242
2934
1455
3301
152
2880
1976
8
1287
469
1482
1379
1987
311
1091
2463
845
1355
2661
2445
3047
2596
463
3412
1104
3538
2682
1172
3195
2913
2968
2576
2572
2260
2282
2923
2697
2489
2778
1660
3313
1574
401
616
1663
47
510
220
3305
3044
3451
2621
1774
2195
1254
1634
2436
1836
1004
3428
169
957
3181
2655
776
389
3354
1699
2239
3316
1912
1700
2245
1605
1222
1950
995
2639
2731
3406
216
3063
66
2951
452
1775
2227
2506
627
1366
1316
2782
2420
1838
629
2881
128
3221
2335
1943
3170
2132
2157
3145
209
648
2544
1036
1411
1745
316
663
1485
2064
129
2124
2894
3037
2785
852
1480
381
1788
794
237
6
2957
2078
1576
176
2890
2442
2063
151
3500
2874
2891
480
1284
2940
3446
429
779
162
553
1273
2683
2573
2176
3479
1409
2530
3140
2528
1404
3144
2037
3187
757
2001
133
1299
2152
3027
541
2824
1498
3533
3274
1953
384
387
203
634
2007
1810
2456
1175
377
504
145
2360
1827
1065
2900
2468
347
2978
888
1373
3185
1744
1026
3405
3531
205
1028
1861
1934
3084
2025
2505
2257
3215
966
3237
3232
1002
2280
620
1804
201
2985
1726
1920
214
2203
2536
1667
917
2899
2345
887
1037
1541
796
1604
1215
1560
2938
3050
706
1089
192
3454
2777
3277
1271
518
1405
1850
1347
1814
396
2018
2553
261
1886
3460
2888
3481
691
1640
986
536
1725
1581
1262
1264
1139
2736
3028
36
1069
2131
999
2627
1376
606
3491
2432
610
211
1795
696
1815
2845
894
2976
2250
1682
2956
703
199
155
892
1750
3275
1121
1545
2767
2414
1888
1797
465
3489
2651
1183
3179
1392
451
376
560
3208
2144
2620
1359
212
2744
547
3411
1913
2929
517
2235
3287
2267
166
1749
765
1570
1863
2769
1000
468
788
809
1839
266
1704
2823
2818
3043
2935
2405
1811
730
2002
1150
3030
1632
1092
1182
571
2667
991
1681
1033
1600
595
2170
1894
2570
2329
2964
3152
3025
3279
1505
2619
3045
543
512
3176
1382
2183
2741
186
3207
1858
2412
1651
2702
1151
933
251
721
2455
2537
1664
2597
3203
2072
1224
1733
3218
2914
2426
963
909
2877
501
2186
2193
135
2561
2149
1789
708
1859
773
2249
2172
3380
3253
1082
2889
134
119
2153
1266
88
1918
2504
2580
569
3445
2634
2177
1197
2809
2792
709
1916
1620
414
254
2020
1312
1698
725
2046
3132
1463
658
759
2961
84
3226
1322
140
1853
2490
1627
1512
1324
3280
3466
352
3068
1499
697
3505
3016
1149
2838
2115
692
1828
1535
2430
2848
914
3284
1210
383
2462
1038
1472
2779
2574
2664
3046
2333
2053
819
3075
2844
1251
1504
3537
346
375
1313
2441
2653
2991
612
194
2522
3472
2755
2588
1095
2652
79
187
1077
2423
482
351
1090
1705
240
3311
147
1980
2728
1787
1268
1127
774
3373
1781
2039
1956
25
1289
2601
775
820
1352
2723
1837
1909
1156
1256
1794
2568
3443
2162
1784
2999
3474
2027
3476
406
1696
3309
2419
2238
1061
2753
210
2470
1883
3051
1531
1361
2843
3065
1250
3052
3449
882
2493
865
86
2640
838
1053
2520
1163
3020
2234
1732
1362
2983
3082
2341
1817
2657
3426
3018
2980
1544
2434
1216
2678
3298
2418
2752
534
1154
651
925
942
3407
1060
2684
624
1381
1679
2849
2150
3127
1301
1098
3210
2350
495
2488
1056
2585
1205
2539
1856
319
780
1320
2922
1857
3372
1727
2924
3461
1536
511
2073
2269
1891
2842
1865
2416
1497
2751
198
1225
1128
611
1445
993
2936
2813
1568
2473
1206
2624
602
1461
410
2244
2695
2858
2803
1900
1203
3072
1947
368
3270
2855
1562
3193
2215
1450
2998
728
2022
1992
1170
2355
1808
2496
2300
3103
1109
1716
2421
1688
2743
3268
2749
2638
1876
2972
2346
3416
2763
3123
215
2669
3229
3506
148
3493
964
2136
3128
457
2395
1601
2850
831
2648
2159
2200
710
1043
370
877
2700
267
1898
1848
3142
3272
1656
3239
2773
2566
2987
770
2632
207
1403
1360
1039
2943
3307
3151
3467
2243
428
1539
3200
1645
3348
2460
2819
3403
3408
378
48
1691
180
837
2834
1646
2515
3349
188
850
2178
2062
1338
1419
2846
3167
2222
2629
2822
132
2789
3421
1040
2034
1102
2910
817
2801
419
2565
562
1867
1145
2167
2793
711
1534
2876
2242
1506
2958
1985
542
2015
1989
2233
1689
3217
2082
3071
3427
200
825
1566
954
2326
3060
1509
596
259
737
2907
2224
934
2733
2994
815
3038
665
1075
2919
264
2786
313
3017
2551
2770
2658
2725
2928
458
398
1975
2704
1806
2623
2550
2538
144
2171
20
1356
1951
2147
654
2724
854
2425
3401
1351
836
3484
3126
1456
2766
483
2151
929
1977
372
1214
2703
704
2562
563
2533
226
839
876
496
3246
2612
2118
3161
2006
3304
503
1932
835
675
1259
85
996
1907
2582
161
3066
2060
2826
2897
478
515
2431
2885
81
390
139
2615
1903
787
2446
813
1635
1790
2600
2738
2693
477
1348
3539
2599
961
1897
1471
1449
1945
653
2029
2287
1337
3049
921
1582
1078
842
3293
1071
981
2447
1072
3242
3166
173
1714
2784
3141
2906
3463
3189
2637
2950
425
1349
2133
2534
2495
714
2878
745
1609
2117
1597
1123
2471
1277
700
3381
82
136
2275
3431
3225
314
153
856
699
1166
1258
3465
2814
1162
619
2780
1910
3042
1181
3413
2461
296
1260
3499
2774
2735
1802
3425
50
2772
2966
1719
1885
924
2254
1761
2696
1062
1194
959
967
1757
450
2256
635
2820
1042
1993
2338
2524
2049
1246
1666
258
467
551
1542
394
1416
1406
3031
3328
2603
1255
1742
262
3276
1385
718
2128
1955
3105
2271
393
2226
598
46
3319
2989
412
2962
3340
600
782
2726
2932
1421
1457
1063
916
1978
1741
355
1132
574
3245
26
2253
1058
3040
3064
3399
1286
3458
2184
3035
2406
1501
2781
2973
1772
1483
157
3424
2608
1212
702
1739
3230
2295
2168
1397
713
2821
1423
1532
2911
2217
1654
2411
149
2008
664
3509
67
109
2765
930
1743
2955
960
189
2129
1120
2635
509
2541
1712
983
2560
417
196
2012
2448
297
2628
577
2796
1558
115
1786
3414
150
426
1540
597
1401
944
2578
2737
2747
786
1746
1059
2161
2977
222
2199
1295
997
7
2410
455
1453
1116
982
2437
771
310
1368
2075
1721
1137
2040
1655
2800
2340
1625
40
2278
2180
2032
3393
42
2564
744
1491
1195
459
2339
2860
190
2920
844
519
2331
661
572
1164
1006
2469
1777
1027
2542
3394
2332
1636
1106
3079
1176
579
3188
1031
2604
2356
2262
1025
1722
2408
2031
732
1380
1766
885
3385
2609
1776
195
1887
2413
318
1693
3289
2017
769
2194
3398
2674
1507
1864
1695
3530
2687
2301
2141
636
952
1628
673
3266
988
208
2915
2760
3332
3335
607
2179
3
546
733
2836
1718
2429
2069
3325
2163
1511
3409
1353
920
3182
2232
3056
734
3083
3360
1637
163
30
2852
1414
1032
2556
1285
225
245
3197
1756
1758
2909
1035
1269
1097
2673
69
2666
508
35
2992
90
1358
928
2847
814
2197
3265
2892
461
3026
2575
470
2081
2898
1124
2856
2212
1824
2079
1494
2138
926
2642
762
3209
2605
2477
767
3087
2887
573
1005
386
182
1189
1905
846
474
2532
1974
1444
2428
2584
1314
3532
2145
1923
1478
354
2662
2004
618
2451
1418
2357
217
1571
2035
1153
880
184
1958
2857
2057
2000
2622
1248
740
2798
731
1103
1841
2602
3296
307
2347
1915
853
2617
1996
958
1823
2677
2139
2024
640
2236
315
3057
3374
810
3482
2166
1991
1754
31
1276
379
380
867
3353
1398
712
402
2218
1935
1768
1780
2729
656
1990
1852
941
946
3241
1136
2230
3202
884
1296
2925
3086
3379
127
1500
172
416
369
2875
726
2644
756
1680
3153
3243
2965
456
1336
505
256
889
243
567
1174
1949
3024
202
1319
1603
1378
22
828
1188
516
500
1489
301
2403
1193
1851
3391
707
738
790
1100
2334
1906
1946
1999
89
2665
2219
112
3490
2286
1460
218
3540
1496
3459
3228
778
1476
3102
1630
698
1708
3146
29
488
676
1479
1227
2631
1941
1607
1729
1180
785
2251
1642
1044
33
545
2660
2071
3402
1796
388
249
3088
1921
2028
1938
3475
1736
2513
3422
915
317
1778
2598
454
3139
3346
3480
68
2123
1438
445
427
1785
522
24
3206
580
1533
253
1631
2288
2400
1055
1493
1813
1440
415
3041
1661
2939
137
1798
3163
2083
2527
3503
1565
1822
1711
2021
614
660
2941
1538
1650
122
566
672
83
92
43
2650
1879
1709
1687
292
1484
5
1390
1384
3420
2292
2618
3180
3464
2284
2921
621
2691
1364
2526
1728
2756
87
1179
1925
1882
49
772
2023
2220
657
3214
206
693
827
1830
3292
3469
2281
2903
761
1884
3124
141
1782
2255
1973
2223
1988
2840
2812
2327
1621
777
1845
2569
238
910
2213
2050
2261
622
3019
2918
1821
1115
322
1064
1470
659
156
3395
1178
2861
71
1190
806
1889
2571
3273
1893
736
2586
304
816
792
604
1278
1928
955
3067
1034
2896
2507
3278
2264
1155
2258
3513
2790
1855
1902
1575
183
2187
2302
2646
2688
3388
3155
3504
131
870
555
2679
1161
3172
1723
1200
2740
397
1057
2953
1383
3331
1303
142
3326
951
1686
1462
1159
2647
1204
3418
1041
164
2407
1516
219
1074
2467
2546
1177
1070
3154
143
158
2984
2009
556
891
2016
881
631
1937
305
3494
2067
812
21
3541
2986
1944
2337
3034
2761
2158
874
2659
3410
2548
3429
514
2198
91
3400
2112
1196
741
174
2979
2474
1370
3297
3205
2454
3022
655
2764
2882
9
2531
3334
1684
578
1282
2475
1911
239
1220
117
489
1791
841
1473
2787
3157
308
507
3198
1094
1130
1083
1606
3238
1954
421
2794
1133
2690
1825
3452
2912
2435
1818
1481
513
493
561
2788
2825
755
418
2727
353
2895
2266
2759
3343
2274
2452
1880
868
3158
2427
2228
3511
1703
3204
2982
1979
2685
1982
1648
185
783
2902
1940
118
1623
45
2722
345
936
1543
2997
715
1844
1410
3283
494
2802
2155
3344
1029
1211
1683
990
2396
1510
1927
2510
2954
1247
405
1249
833
2273
2993
344
1926
723
1860
479
858
3456
1662
2967
760
34
2523
3216
2010
2625
1142
735
739
10
1735
2080
980
3417
1981
2613
2061
2626
1213
552
3318
729
2054
893
449
407
1267
2554
2182
1659
3054
992
447
3551
2908
886
2606
851
499
2995
2293
1626
2210
594
1448
1321
2963
257
2068
3160
3355
2058
2065
3295
1148
2422
2342
3419
303
3048
3404
1446
1252
37
2587
1997
2048
1820
356
2459
538
875
1639
1158
1986
2817
481
1931
2299
1160
931
705
962
2349
448
890
2457
1936
3378
3183
1054
1086
3336
807
125
1792
1644
2351
3073
669
2296
3526
2443
1702
1692
754
1846
2806
110
1402
3029
1107
1068
3125
2547
19
1765
1168
1769
409
1734
3347
2344
1219
2543
138
3487
2279
1465
3212
1812
1372
2672
3468
2949
832
3032
255
615
1101
940
2746
2343
1840
1707
167
1917
1763
