347
499
711
505
538
480
1089
676
1163
2020
1721
382
2693
1382
1564
3107
2543
888
3153
53
190
2615
455
2828
3238
1160
2414
1977
1746
338
1049
900
1710
2910
1298
3331
116
245
3514
3197
1446
311
725
2421
1237
1316
2637
1917
3085
2738
2137
2990
634
1223
1076
350
1139
1050
239
1679
2430
3260
950
1596
793
679
1497
265
1085
1557
431
472
1061
2361
3411
2255
3163
858
387
246
3071
2841
732
515
2833
1311
439
2623
1790
952
1708
1566
1100
392
819
81
2375
96
1317
946
3438
2450
2877
548
1822
3374
2203
969
3093
3496
1877
1580
2400
859
953
2987
2621
2403
3278
1871
648
923
164
385
970
735
1440
2431
1818
3125
2937
1035
1032
2352
1805
3485
524
3328
2093
3350
2639
816
1662
2398
2680
2882
1379
3176
2346
1299
2540
2191
1808
3315
1366
3521
1068
1384
1513
1198
504
2748
542
871
3172
1829
319
1895
1019
1238
3000
389
3502
3508
1244
1643
2180
202
901
666
3215
2367
1598
2022
2514
595
2636
832
741
1247
383
2993
2451
673
1999
3478
785
2952
1883
1430
2556
2209
2954
604
1748
2758
2068
3421
502
2057
1630
3542
2533
1654
1832
1771
3080
836
2016
1728
2513
3509
512
3235
977
1214
1831
1839
304
3077
2598
90
3342
2173
3216
2187
2700
1445
1417
156
532
2757
2852
2116
144
1713
562
3396
1240
2536
3118
1291
3130
644
1798
811
103
317
1624
1173
2395
204
2906
2509
2207
1479
1587
1753
916
3145
2082
3365
1937
59
1944
1653
1878
2242
1181
2846
2479
420
1189
199
228
1833
1559
3354
2587
2399
3479
546
2102
1985
667
324
3057
583
2100
1190
1780
1758
1901
1386
3042
2272
281
1589
1194
2224
2050
3095
2819
1623
2672
3383
1939
2546
629
2058
2568
1365
1975
823
1142
143
2489
3507
3258
3337
3034
2006
636
926
2816
169
1617
52
579
588
2015
363
3234
3102
3425
1685
1315
3385
1657
2804
21
2653
3187
2971
1697
851
2365
2820
1682
1310
2277
1452
2003
1602
2542
758
3359
2759
1577
2702
314
118
1560
3454
9
2593
2515
1693
315
205
247
2980
2072
1751
903
1929
283
1126
2785
1584
976
2715
1898
868
170
2900
2407
2018
355
3475
2595
2406
2
3081
988
829
614
2710
2659
2647
2264
1362
585
1902
2629
166
308
2511
782
1371
2532
1398
826
398
154
2951
3404
2320
76
220
747
966
232
2903
2866
2844
701
32
839
3395
2230
2698
1528
852
3279
1454
622
587
1735
312
1268
2090
210
1719
2855
1065
426
2607
1870
1042
1718
1550
1253
572
3493
892
3067
1622
1472
2692
1134
252
451
2972
275
1830
3305
3219
2603
487
407
3267
1468
356
1873
2469
1852
1656
1633
2045
3308
1766
361
1167
330
925
2501
1059
3100
1267
2881
1010
2091
2048
3056
2916
1077
2035
3463
3529
755
1545
795
63
2797
2046
1974
951
2942
3214
443
1396
1958
258
3318
2768
517
2147
2076
2663
1257
2661
3208
523
3451
2561
640
3044
1273
1205
1775
36
24
2802
2579
64
2821
274
1363
632
2545
596
1443
268
1586
710
2070
3448
2081
2285
624
2168
689
930
403
2708
1520
2429
2529
3388
2042
1488
2977
286
2905
3108
887
2752
2622
2332
1703
2177
1000
371
2412
19
3038
159
1108
1739
235
114
2364
959
2160
2945
1611
1377
800
2040
630
2481
3362
3460
368
3243
1094
3442
2189
39
3151
2347
2033
2512
3361
2371
1570
2434
2557
2105
74
1850
2858
1567
2397
1835
1681
16
437
1923
2336
642
1720
469
2212
1475
944
3232
1073
1095
3499
1645
3284
449
3429
2474
3402
3191
3468
2934
3466
1213
3293
1650
791
142
3311
2205
3165
3070
1795
1486
1597
1813
2836
2007
565
2535
3416
1275
3173
1801
828
2167
1149
3228
2638
3506
631
2179
2787
1124
935
1360
3152
3137
302
115
2968
2559
3161
3244
196
2247
3487
1997
560
2864
3309
861
2983
1507
2902
3126
329
2296
1516
637
3450
2571
2317
1815
2221
3103
2113
2717
341
2829
2923
1673
722
1245
1447
1329
1301
1891
1768
1224
1702
2825
1955
1811
2537
1668
1477
2409
955
3139
305
1510
1423
1127
2157
1130
3182
1030
1565
2862
2856
1039
927
1663
2780
1083
1485
1378
1791
288
1838
1546
1995
765
770
3256
2564
1021
46
2172
2676
2130
745
3470
2725
1756
2753
1428
3375
761
814
2721
1512
1876
123
1676
1323
2265
1733
3049
1179
1909
1672
428
1415
898
2291
2771
798
1180
762
2834
3462
2873
3106
2505
128
817
1880
831
550
2679
1231
1192
1988
2420
1904
813
1722
890
3433
2673
961
2307
2393
2803
1823
478
2038
1660
810
2704
1828
3086
1340
1910
55
702
3327
1933
234
1914
1219
1855
2257
1625
1621
2139
2885
3304
597
2228
3089
2801
1212
1234
1732
3113
86
2641
2596
3443
2379
1193
284
781
2569
1462
850
1946
2609
1860
593
1172
393
87
3372
2988
967
2919
1229
2055
945
1943
990
1658
3518
2527
3175
2213
1859
544
2252
2041
225
229
1353
1016
3527
2169
672
1783
650
270
3236
2323
2875
484
2845
3055
2074
390
866
207
3207
366
2775
1896
181
2888
3432
2293
525
1252
3047
2618
1387
545
2643
1319
174
2321
1552
1109
1590
2442
0
155
1015
3136
767
153
3210
1138
427
1480
42
2144
1104
3094
378
2570
690
1374
1060
11
3504
912
807
323
251
582
2065
717
1553
3551
3501
14
2037
1605
768
553
2096
105
1041
659
3274
1166
3392
3277
2793
812
1424
2901
867
706
266
1307
2565
2390
971
2322
1680
2646
2088
2792
482
907
2186
1337
599
3222
1159
1837
2789
1745
2657
837
872
3170
1607
805
2731
3010
2794
2754
789
777
1037
1968
2302
3168
477
1046
2289
145
3379
2925
3335
577
85
2665
1538
728
2155
1186
2245
1080
179
1148
256
2427
627
3531
2612
2580
72
1942
700
2732
1619
2166
3031
3319
375
1506
1055
3532
1900
146
3384
875
669
2784
2713
432
507
2234
2872
2330
698
71
194
998
2170
1474
486
257
665
1188
491
1816
2344
3426
1926
2457
1361
656
43
949
2788
2241
1281
2215
513
1349
3409
1133
742
2772
1211
3051
3410
2146
309
1461
3480
3
699
2233
2687
3349
2200
1339
2284
919
958
3424
1750
2964
140
3352
1817
3408
3110
1156
1413
3343
2202
1970
1121
2818
416
3495
30
2915
1616
1279
567
921
1028
60
1661
2031
2766
2685
2181
2712
2898
2156
2305
674
764
349
2521
447
206
3285
2727
2341
2151
3115
2591
3282
569
2884
3544
1535
336
2175
1265
2114
1221
1890
2129
2899
1851
1114
1426
3066
353
2488
2733
3540
707
1058
1367
1090
2774
928
357
3340
879
902
1905
1271
2298
3079
291
3434
3320
1125
1652
2600
799
1419
264
3543
2751
2924
2740
69
2078
1571
1496
1875
1540
2339
2085
2282
3140
2491
1404
460
2806
2127
26
99
2894
3346
2648
1941
2000
163
124
3264
1908
334
3230
1919
1056
641
2319
1755
1370
3030
1957
948
1804
3202
2981
1683
2229
2248
2958
589
3008
602
833
3522
601
759
931
27
2681
503
331
489
2677
1862
3549
840
2947
2555
137
561
3461
1383
1409
1603
259
1376
410
2837
1635
1989
3336
2791
999
1642
2067
2854
3449
2464
429
3045
1936
531
2696
295
2985
445
705
1228
1737
3422
1256
2290
73
1255
1356
1051
1391
2883
718
1947
1599
2201
3186
2608
3483
3262
2111
746
3016
757
3135
1082
3452
2588
208
2227
3116
241
3248
320
535
2126
511
1646
2174
2208
1140
1203
2517
2005
138
1971
2101
2853
1932
2135
2838
1648
496
973
3206
3200
2950
1154
2558
2714
1927
972
645
2281
2259
3427
89
453
3457
82
2348
1093
534
938
1295
271
657
62
345
541
3325
3006
2500
5
2424
2099
1394
13
749
975
1286
2359
2023
2107
1202
3040
2428
167
986
3239
300
2455
822
3127
1158
2301
2471
2087
3505
3447
3199
1151
2193
3035
924
1296
2069
2329
425
1438
1874
2303
3290
2401
3032
1129
869
2567
1350
1866
3065
2013
1358
1634
180
3458
2440
2314
1418
1867
3484
2124
1854
997
848
448
2760
1359
899
893
905
1640
3263
1508
2462
3345
1326
2729
2706
646
3141
111
1444
842
394
318
2767
2716
41
3512
3021
1864
3120
1482
1578
2948
2666
2154
88
3314
2938
2217
1003
3048
2268
3446
272
2691
1806
3348
1868
485
211
1907
3387
1541
3105
520
1150
1343
882
1903
121
1469
1865
3178
1346
664
1678
1527
1330
3516
3150
558
726
2417
2735
613
2605
2276
909
2822
3026
3289
1325
647
2810
2929
1002
450
3269
436
2538
2010
1523
2502
790
3476
2781
2594
2889
727
97
3381
2304
2226
3237
1593
1554
1872
2578
3194
1502
1521
262
730
316
1331
3482
1434
598
1861
2808
218
537
1017
1561
1921
2695
2243
2939
1925
2368
2311
2879
1778
1792
2274
278
874
56
2812
2056
2120
1809
2335
1744
528
1581
1024
1987
2745
1913
2530
162
51
2839
3148
2651
3273
2381
193
2034
2239
339
2769
1533
2800
3221
2449
1292
3520
1649
985
760
444
2342
200
1420
1153
1105
176
3488
1836
1184
3027
3299
38
963
3471
784
6
1087
301
173
362
2063
2333
3078
991
2611
1040
675
987
1182
2936
914
1352
213
1406
458
3497
1354
3242
1920
2106
1147
2970
2583
808
57
2337
3154
2141
3515
2686
2671
1242
2294
3196
600
1448
1008
2499
182
1591
3123
2152
3537
940
1754
3083
2122
3213
1380
1820
2136
1195
2946
2098
3393
1675
1767
846
584
1152
102
475
655
2586
1572
380
1078
1548
678
2778
2722
3526
802
183
616
2465
2539
442
639
2280
2360
1047
2728
391
2283
633
1369
922
506
2478
261
2089
106
488
231
2467
2682
1601
2690
1536
2560
2079
2755
2992
2920
35
590
2370
221
651
2017
1531
2640
1848
2904
2869
1951
3183
1569
306
1206
2176
1935
1726
1526
844
91
267
2719
943
1427
12
3436
1669
1368
3037
1402
2917
2454
652
1322
325
397
1879
1794
171
1324
1395
571
3287
2867
750
2711
3400
1388
2232
2701
490
2705
3330
237
3412
2044
457
509
776
708
2064
3084
1429
3124
877
2620
2912
2750
2433
825
2378
3217
1585
2001
2423
2140
434
151
3547
3082
2178
1638
3157
2198
412
1410
2190
3064
3312
3092
374
1216
2253
15
3456
2961
2941
1457
299
364
109
2633
3220
3177
2014
964
2480
1484
3295
3188
2387
3117
222
2984
1270
1099
260
1742
3179
1022
864
3204
1592
296
456
2999
2617
2483
2670
2358
406
2783
3227
1294
197
2703
2694
857
881
2297
473
1029
936
989
824
2861
2494
1588
756
2142
1793
721
2850
3146
1612
2432
1690
3536
2807
2878
2163
1978
3376
1263
1305
2396
2312
1674
61
253
1381
1081
1991
3259
2795
2477
1288
2544
2518
1215
1692
2960
606
2982
3391
2338
2299
1285
1123
2893
1629
2419
3128
570
3046
2909
136
2508
574
2525
1113
1555
3519
1724
1272
1246
373
358
2258
101
1143
1096
2083
4
2976
1549
440
703
333
539
1491
617
1764
2770
1992
3190
1355
607
3503
3530
1575
575
1969
885
563
1287
1711
2921
775
2493
2743
408
127
3147
1197
501
2656
886
626
2497
3251
1117
2356
2032
1524
3131
240
1269
929
2199
3054
2165
2211
3073
2723
2043
2011
48
2563
586
1686
1983
2709
981
556
2720
3407
165
1773
418
1727
608
1787
2246
1455
915
3174
1102
3155
1996
1259
1573
1844
3226
37
2287
1208
1631
2606
2164
3096
2288
2590
855
3138
2188
1332
752
2386
3209
3229
1465
2103
1162
1170
3099
3091
160
1111
2095
1949
714
3291
2604
796
2061
379
3074
1772
3397
2060
2932
2718
3513
1309
2669
1918
94
2008
2237
543
820
2408
792
1233
1522
734
830
787
1118
2996
894
566
2528
244
3166
1199
694
3090
95
212
873
2943
1542
401
1986
1304
3288
1700
2476
134
3039
1185
3014
2092
3240
2487
576
2260
3298
3160
2263
2496
464
1067
104
2435
2313
2986
3254
23
2572
744
1959
2773
1563
2642
54
527
1765
3283
1760
2236
2966
801
459
2145
2730
1671
3005
3445
1687
66
891
1810
465
937
2366
1740
3286
731
1248
1501
2520
2059
1164
1595
1397
1954
618
3441
2148
653
340
1532
3189
1604
3431
2362
521
1178
3203
360
1759
2171
3249
107
1539
1841
3382
3363
1788
1495
3068
1800
610
2886
49
2385
1120
896
1717
217
22
2734
658
149
1146
1814
238
2913
1499
815
3292
384
685
1736
1952
161
2956
2121
2813
148
2388
2660
3533
1084
3184
2880
2012
1543
2601
2811
995
1442
2318
2310
370
2498
2075
2796
1709
962
226
463
555
3534
33
3018
280
1207
1782
568
1857
2286
3306
3550
2380
865
778
2959
198
838
1422
414
1774
2614
2149
1915
201
3378
620
376
