3106
1
1696
3181
246
1906
757
775
2741
2842
1513
490
354
3346
1495
406
949
1468
1465
1519
965
180
80
103
2027
623
1401
10
2537
626
2756
665
2025
1615
1069
2721
787
1747
2432
485
1893
114
1321
1945
2370
1804
3302
2008
218
1800
1380
943
193
1042
1923
1512
1751
1414
1898
911
2363
990
986
426
480
2303
2283
330
2392
3307
2600
1204
268
1147
1706
1144
425
1955
1255
3531
2740
107
1619
937
2517
1641
791
3213
155
348
1334
794
628
2762
365
1453
870
1895
684
1668
1556
2059
2810
1787
1682
95
3305
3252
273
112
3533
891
575
3179
254
3144
255
1216
1399
1463
1743
2712
3239
2386
1680
2520
398
3090
1891
1907
1997
1580
3392
2100
415
506
2684
334
2082
2606
558
2806
3150
2030
2381
3169
1510
2610
333
554
36
1911
752
2926
1585
556
745
1012
1520
92
1618
661
3187
2592
2452
16
3457
1621
2681
272
3141
2333
2454
419
162
116
1949
663
1930
3089
1434
683
2304
2696
195
2860
3321
108
2797
1104
3551
3488
3536
2111
1122
1361
3279
2682
346
1497
357
178
996
3143
981
933
1606
851
2279
1167
2859
213
2310
2748
894
3162
3228
1554
2460
2425
1360
3304
4
2471
1669
734
887
41
2880
2913
2376
288
1108
30
1371
722
256
1591
1115
168
1049
1826
172
800
484
635
527
2394
1467
1225
547
2850
2270
1381
1105
702
2479
2281
1396
2000
2428
423
3297
236
3337
2694
1571
277
3191
1056
2764
707
2757
87
2851
3494
2261
790
1476
1409
551
3439
3497
1517
1126
2845
795
733
592
929
261
1262
3174
2540
3121
3466
1365
2508
3203
2009
1306
1928
466
2869
2841
1919
2070
269
2916
1578
2698
865
2371
1503
2838
1470
1705
352
2072
2605
645
3290
2680
999
3340
336
1565
3109
3407
2006
1745
1910
324
2514
3260
744
1586
1956
270
2026
122
20
1892
1469
2472
362
992
250
1622
1823
847
1914
3440
2390
2924
3152
227
1639
3316
2104
1494
508
2308
1929
1746
407
1099
1160
995
2421
2269
2477
1136
1335
287
1922
2795
1100
44
403
1435
473
2755
25
2840
60
2709
515
1527
3373
909
3229
2435
767
883
919
1833
2922
726
3242
1433
409
979
128
3499
1326
2638
3263
2705
2423
258
2329
3220
2519
2365
1317
764
1938
777
2077
171
792
908
51
2103
1793
1506
1395
1528
2029
388
730
952
1248
731
1568
1110
169
576
111
568
1881
3151
983
326
164
579
2521
1134
802
1756
1632
657
642
1635
1677
686
1113
0
1810
2632
799
3259
413
219
941
157
292
3235
1383
574
496
3101
1951
89
3111
1062
209
1315
1825
2700
2354
230
1145
2630
1473
1133
1931
1437
1384
2373
1710
737
3375
1459
1783
862
3487
317
166
2436
1083
1264
2429
3256
924
692
31
2799
1908
1815
3262
284
1844
710
2920
2451
1364
1799
2641
2273
701
1074
1742
1428
160
509
1818
2699
2567
1051
2628
841
2351
26
688
2839
1685
2068
91
678
2480
793
524
1035
1905
714
440
486
400
3299
689
930
274
1614
766
21
3093
1278
2875
2481
2482
849
1947
2530
682
342
3227
127
3140
2478
630
2079
1260
2487
3205
1633
1785
618
3139
2918
1128
866
1318
2462
1643
1484
2328
2876
131
356
1393
696
966
1550
2769
3172
3204
2005
271
297
1926
867
404
3199
470
238
871
225
1595
3402
1157
1588
1808
1764
3255
12
2312
1523
3291
2280
260
1203
2393
779
3453
514
677
2871
1924
390
2266
468
1071
2670
1328
2542
66
1425
296
1518
210
2317
1507
2923
741
1319
3211
3236
19
432
1640
2578
2593
997
1990
3100
1838
40
3374
2713
2518
2039
1004
23
3528
69
1806
328
3322
1770
1058
961
1457
3207
1882
1940
884
276
1996
402
3288
2388
2267
3327
978
845
43
1442
393
501
367
3178
14
2634
2541
2751
2766
1039
2598
2664
1509
520
2527
355
1887
3104
96
1744
563
3193
570
3119
1830
360
938
1215
2609
521
646
1076
53
62
33
2742
749
691
251
1502
2473
1627
1411
1406
2703
2073
2525
1753
1311
1224
105
1382
3334
2687
176
57
1164
39
1880
1760
631
848
2315
3108
2739
783
2798
3094
1813
2475
3308
1952
2686
257
235
2701
220
879
578
441
1694
3532
1096
281
2631
1482
3540
633
115
1163
2506
2564
2512
2568
1918
918
706
2
263
2378
1149
772
2708
926
648
560
3112
932
1687
2579
3524
1400
2601
2692
572
1229
217
3209
1222
1583
619
2849
2596
2438
708
55
2011
2867
1711
2314
2668
852
3314
2307
627
617
510
93
1141
1755
3197
1208
161
3105
1011
391
1693
2318
1404
1885
2467
1325
101
2434
1915
2753
3170
1802
1139
1790
2586
703
2060
2319
2323
1001
3537
1548
211
1047
925
853
2313
1327
649
1043
577
102
117
422
511
750
1749
873
863
1336
587
878
1878
2855
1440
2301
922
768
11
2356
3219
477
2580
856
1817
68
1082
1631
2034
1103
479
1801
61
2355
2021
1206
2752
156
417
1372
1387
1474
640
2535
655
2743
3441
184
3098
6
2076
533
1284
1013
1250
1837
1228
3463
71
3283
736
3396
3254
2359
214
580
267
1084
2305
634
1065
1109
2796
1605
2563
361
2714
1776
1111
104
1438
1812
2352
1594
2760
331
2584
3410
1499
478
2366
437
1925
2921
215
2801
718
358
2383
1884
291
3182
179
2375
1424
850
1261
784
2717
2420
2437
639
1155
2865
99
1638
2353
746
2707
2465
1613
2002
2384
283
2380
1563
761
1233
762
3142
685
2852
2260
1429
1675
1995
1514
1310
438
229
1937
989
1219
2431
957
2003
1526
3347
1712
1280
1249
3156
1251
789
982
431
282
693
1917
2695
846
1689
2083
2661
405
3194
723
24
1934
650
2511
1123
2879
1796
709
7
2377
1485
947
3234
2545
35
2872
2758
2272
1765
2754
738
3319
3391
1754
2706
3147
1752
2529
1913
397
347
2457
3493
2574
3214
2672
1612
1151
497
959
395
2358
3184
868
15
1213
839
464
3393
3492
550
1460
1338
1521
401
239
2809
583
773
721
1127
1695
2710
262
3294
3163
840
3177
1254
27
3201
1427
1684
1877
294
2463
493
1683
1256
3530
1629
1587
2526
2069
1912
240
429
2427
1223
1263
1140
912
1549
2486
939
1904
396
872
2877
2770
624
2387
1057
753
763
1158
1455
934
84
2382
1634
3405
1402
1701
516
643
2327
1472
2456
2364
2098
717
2718
231
64
2862
2099
472
1676
3372
1041
1944
3404
9
1794
1162
1152
3280
349
2870
765
1227
2534
923
2334
2873
1477
2389
2369
2576
3183
892
1356
387
2715
1331
1575
475
237
571
1715
1072
2543
167
2513
3326
3285
1775
2507
1998
1792
3237
319
2332
1692
1902
735
428
3225
1840
300
1168
1471
2035
2677
944
1374
1763
1320
467
917
244
3403
125
120
2067
410
1008
1941
647
2577
531
3371
2536
950
1593
182
2544
3292
3200
3103
3406
2012
2763
1275
322
3114
3146
1054
785
770
2666
1703
2461
3475
1432
1784
1589
2024
248
1466
3401
1036
3489
366
1314
503
529
259
1552
3470
1702
1269
2057
2665
2633
935
3117
3468
1478
72
399
2711
341
951
234
1064
1376
2391
1040
3332
3394
2532
1562
3232
2330
2362
3222
1596
638
804
666
1413
1281
2597
278
126
338
79
727
34
1201
1836
704
1690
3145
18
748
492
1422
109
724
3246
1283
340
1138
1933
1672
3287
242
1939
782
3320
97
2808
1935
2524
2585
3344
192
548
2509
921
1832
22
3342
2794
695
245
266
1412
771
293
232
1154
2611
2595
499
1390
191
759
2690
181
2468
507
893
964
2036
56
781
936
2587
1073
2671
3250
1704
3293
1620
2603
2640
3092
2857
1567
1767
2612
1385
2581
476
1098
874
119
3338
652
2861
2676
2848
1156
589
1277
725
1038
1592
2466
2097
2321
427
622
2484
3434
2637
956
3317
2571
1560
1009
2422
1805
2264
90
1691
3471
187
1118
1169
2853
1398
1146
442
495
1270
1333
2439
474
1309
1889
1714
3296
2447
2109
2675
994
756
1135
2925
3248
2636
3253
987
931
3331
984
740
3110
2058
183
3454
1271
321
2864
32
855
3333
353
1165
221
788
567
581
1903
1843
882
712
3149
129
1688
59
465
3165
2080
585
1307
2372
876
1604
711
3158
3148
1137
1610
2847
1232
2078
1046
940
2866
2037
2265
3437
780
719
786
3395
46
1408
2433
700
2430
2071
2444
3188
1369
1894
2440
3330
2688
1212
838
1551
2443
489
880
1555
3176
1117
1674
37
1007
2573
1511
2361
2469
502
732
226
165
751
2458
1901
1316
584
264
758
2320
303
2449
3324
2919
1421
653
2691
420
1557
2001
243
1522
1762
2107
1221
3161
694
3240
1879
2019
2309
705
760
249
2591
2747
316
3
3123
3251
2441
2720
1048
2277
1454
1807
414
2745
980
173
591
697
1441
1920
2522
2768
1788
1419
289
1265
1247
3113
858
2446
803
337
3397
680
188
1000
58
565
2531
1769
2081
299
488
3456
228
946
562
190
629
1630
1324
364
1709
3258
2028
2538
435
2607
1624
1803
2445
875
2582
654
843
528
1646
1386
998
345
928
513
123
3164
2588
3336
2055
54
3286
3096
1577
1686
1609
549
1700
963
1458
487
2854
1231
389
302
3400
3498
3195
394
2719
3490
2032
1170
1678
2357
2504
1268
641
3216
3408
2915
1462
504
1772
1153
2459
588
3435
3486
1207
1670
1116
1358
2744
424
1828
320
1050
1166
3102
1529
3099
1416
3171
1426
52
2040
1822
1699
2765
2385
559
1516
1370
2693
1044
960
1708
265
285
1623
2367
2570
344
1363
94
797
2689
1501
2767
3215
620
3460
2450
2325
2063
739
1010
3438
1999
1002
2639
1095
1707
3306
2674
2515
3231
1217
481
3289
1052
491
2917
2679
177
1671
3120
518
2455
1218
13
2663
1525
100
1558
1791
1444
1573
1679
1673
1375
1308
2018
1059
942
2844
2075
1897
2749
1267
2746
189
1611
2306
1359
1524
1125
3335
561
81
2263
2033
2022
2108
3539
1329
1991
625
392
98
1078
3436
1323
1789
1055
1839
699
3115
433
530
769
1819
778
2678
86
1034
522
1820
553
2271
2066
889
3212
1481
1846
2038
659
1834
110
1797
3462
1259
3442
3122
408
1230
651
3318
913
1993
5
2282
532
1774
1077
1835
1777
1809
2016
1716
1553
1067
351
2302
2448
2539
2878
63
2020
886
2299
1616
1279
2835
1954
1994
329
327
418
2858
1574
65
49
500
857
2349
3303
660
3226
805
3160
916
2010
42
