173
2287
937
517
1523
1485
3112
1677
121
9
2042
94
768
980
1822
2599
3517
1124
2515
72
190
1717
1248
14
2015
3400
1115
439
1972
1954
2723
3114
2092
1415
192
1643
1100
1388
2592
22
500
1942
895
2994
3275
3352
520
876
1769
2120
125
938
594
2981
2505
2188
3546
3528
3176
2736
2052
865
2511
2252
3531
2497
1196
1741
2217
536
669
1499
927
2715
2244
164
1171
3205
2812
2275
458
3518
1134
3102
3084
2193
2806
925
2435
583
2290
1528
589
2702
1735
99
2492
16
597
379
2181
1579
3377
748
3141
2920
3326
3512
2877
1412
243
232
1318
1561
929
2439
599
2579
3267
3118
2510
2046
1537
1977
1346
3257
2782
652
2320
3362
2387
2112
1273
1569
276
646
1429
2061
226
1675
703
883
2003
2448
2422
3426
372
2901
2334
298
251
593
2933
3320
3322
3139
2853
361
928
1369
1978
2797
1496
3327
2867
3453
1266
692
2617
17
1504
2308
1963
1988
2140
1639
687
235
725
798
1843
1986
2738
3147
474
803
2144
1654
2767
1040
3316
1114
1686
2829
1490
2890
293
3074
480
3356
1727
382
2884
677
528
321
2589
2621
1374
2898
1998
2772
3424
1952
2456
2647
2733
548
3186
1316
1937
1108
665
1684
1585
2132
869
3367
2047
1592
2712
3361
2871
230
423
3505
964
318
1466
770
1328
911
3493
2706
1872
447
1480
1818
881
2507
1596
209
2474
1835
2477
3261
2961
1628
2899
873
1431
2902
41
2891
3360
3020
452
2624
3300
13
982
2887
855
1081
3390
2481
1083
1714
2093
265
2053
307
1934
681
129
3268
2501
10
2657
1128
1450
2969
183
723
2048
194
2575
958
3022
1803
2924
3510
1277
90
2936
1779
2032
268
1909
478
1056
3469
1625
3548
475
374
1856
193
1854
30
1352
2513
2266
3271
864
495
3161
1478
3057
70
2837
852
697
1335
3253
1393
2378
2500
1945
998
1864
450
2913
2214
1855
3404
3501
2043
1739
2127
990
2055
1989
1191
3103
2752
848
2059
401
3055
101
3515
2541
2175
1340
3106
316
739
2642
2995
2073
3128
3318
3379
292
3448
945
1797
1777
2986
2974
1111
1190
3179
250
2609
658
143
1288
972
1355
1281
507
225
2377
2964
612
2518
242
219
709
364
3129
839
2542
3325
1533
171
1696
1813
1768
3222
2231
931
2135
396
2827
906
1991
3121
2199
52
106
2455
431
2388
3173
2121
2465
2307
2050
1642
2249
971
444
722
2728
1170
1276
3549
65
1201
3452
2475
1911
2130
1993
1820
1495
877
240
3534
2581
1008
457
78
2386
297
1385
1233
2417
1465
3338
2436
1278
2430
1904
1594
889
3029
47
1244
208
3120
3464
296
1543
3157
2051
3174
1809
2722
152
3183
2288
113
2382
3218
1703
2630
122
1247
2916
1444
1707
2182
2264
1501
1545
1525
3067
427
2912
1147
3369
1750
1437
2519
3263
2113
3309
1039
2341
1634
1716
1786
1848
533
91
1337
2420
273
1547
1330
3430
3133
2783
753
1091
1154
1182
670
1850
2226
376
2926
1420
3457
940
1620
308
2917
1896
592
2833
2556
1479
2656
399
724
1269
2946
2735
3138
3380
1417
1793
2808
2835
189
1133
365
3211
214
1894
1970
3066
974
2631
3409
2483
1237
993
1649
2950
77
470
1085
2328
3075
2498
2934
1460
1414
604
3204
657
1497
38
2832
2605
2903
2562
1229
3384
2390
836
1236
3399
1903
784
1119
1949
3264
867
272
1356
1146
2778
2763
1602
363
362
3175
2776
3047
850
2823
2625
1751
244
2633
1955
212
366
1748
1162
1772
2445
1637
2045
270
2049
2210
1304
755
840
1029
1893
1846
1338
1578
2729
744
1631
3353
1446
1476
1635
3200
1240
3134
104
2183
1359
320
2603
3131
471
763
2948
741
3122
1632
503
2793
3117
1101
2195
2989
856
2955
196
735
1105
1996
1333
1802
3099
1482
1559
921
3124
3314
569
3511
3110
1351
3184
491
705
1530
1563
853
1698
2931
3202
255
1633
805
2635
2473
899
854
1722
1350
1122
95
2114
2658
51
523
3025
181
605
3329
3070
1915
1976
259
1307
1648
2942
198
3185
530
3507
606
969
1974
2970
1242
453
1407
1518
1762
1888
516
128
1852
2904
2462
1548
2298
2495
976
916
66
3095
467
1467
3163
711
1042
1189
2453
2233
1231
74
610
2482
2779
710
1708
1737
3523
2250
838
92
494
2622
1011
1877
2623
570
505
2980
80
2824
2263
2071
1832
3522
970
368
1348
3535
394
1155
2256
875
179
1726
2168
2645
2856
783
1057
2418
1947
3508
2885
2142
2815
2958
3149
2960
262
502
385
922
545
75
1125
1805
2550
2023
1845
733
234
2810
2830
3042
3167
3207
1981
1761
2915
117
2458
542
3504
369
175
73
1408
731
3032
388
2345
2268
418
1709
43
2717
484
2286
1655
1045
1443
2017
1152
3041
1394
3333
421
1979
416
3089
1788
1274
1932
1865
534
1286
1808
3031
3168
2730
8
1713
1555
962
802
3058
2322
702
745
2069
413
511
1574
694
1723
1685
3054
493
1838
1255
1267
720
701
1252
2704
1481
2908
1875
1967
898
942
1524
1156
426
2789
1868
159
2610
997
2296
3238
2725
2650
2766
1973
615
3509
2464
3235
3462
862
1289
691
11
1025
2236
2342
3408
910
949
715
392
3246
163
2326
499
1539
2010
305
2925
1629
2786
239
1995
1287
1584
989
2632
1317
2792
668
3366
3115
2590
1590
2151
2238
1901
1770
2514
2539
1841
2988
690
2517
1397
2883
448
2025
1588
1587
2346
153
1715
2560
2520
1459
1517
1323
123
1982
3308
2990
3069
987
1079
1336
3086
157
2814
2323
522
3328
1477
110
2330
2629
776
1349
62
3016
1436
3395
465
2820
223
3101
2649
1994
1000
2753
2732
3216
933
248
3552
907
1796
2337
2276
3023
2644
1827
1720
1440
1538
1831
3251
2770
1810
1965
919
3080
1900
488
2303
1552
1455
319
1733
391
2583
959
1610
390
2512
2194
2150
2413
2643
1880
1434
595
2727
1623
661
2128
1375
841
3491
1597
1844
3097
1816
1238
1275
1003
1299
3425
3136
2508
923
590
2798
2548
1701
2576
154
2606
56
1638
2879
1774
2172
32
1043
1652
2998
241
3455
1339
1389
2983
2020
506
2561
3386
2441
2000
1931
1554
1571
1851
1608
221
3393
2707
917
1357
102
2825
3514
1862
3098
1402
1102
59
714
2165
1969
3140
747
3045
3363
3340
749
2956
785
215
3410
887
3071
144
2316
1959
1939
944
46
2711
464
1366
3090
2807
1656
1992
718
2008
2552
386
3447
897
2317
857
2442
3485
1886
1439
3317
23
842
245
772
2941
2379
57
804
1387
2421
317
1606
1038
84
2918
3195
3227
3244
429
1910
3018
2774
3422
2131
1249
2215
3082
2170
397
359
1695
3475
1449
430
2304
2620
1712
3223
216
375
3497
2433
2062
3062
1670
3165
882
846
1598
1622
968
252
3254
1067
202
61
1010
1551
2191
1651
1913
666
3213
2953
501
311
1771
2174
211
165
3547
1037
1702
3088
2734
314
1948
3519
1062
2468
1086
257
3158
60
2440
527
1013
679
1650
4
459
508
904
1462
1004
2626
184
936
600
2710
309
481
1172
2489
1907
1454
1468
1557
2996
441
650
1607
660
167
428
1251
3331
1406
2211
2262
2187
295
2784
435
1110
1396
2261
237
3516
1605
2769
2577
300
3258
108
3423
69
2705
127
1322
2033
544
2246
1814
2545
3347
3100
3391
2180
1345
2016
1192
2285
1061
2940
3343
1392
662
1041
2873
647
7
894
2860
2070
1060
2137
734
1944
1671
775
2731
1688
1428
2232
1857
304
696
299
2628
455
1889
3125
3083
3038
1294
2504
515
1842
2999
2457
1581
2190
2818
2196
3420
218
1575
1001
85
1791
1884
2197
3551
2243
2790
2554
2944
2313
2826
3359
55
988
1858
1302
2947
762
688
2992
3191
2115
2773
1326
1117
1731
2654
728
1824
3079
2977
3480
45
3355
2578
2865
2213
1452
994
2425
2487
609
682
526
1999
2437
843
1997
3169
2248
281
417
3466
1176
2900
1505
168
3198
2604
1098
943
2057
449
2596
771
27
2169
1711
3348
1422
3085
1692
2922
541
965
387
1763
543
1093
3262
2875
3272
1507
2118
2332
799
849
2443
1882
3104
716
1253
3330
254
2385
764
1384
479
1002
1088
1319
63
1871
531
3026
371
752
2220
256
896
3378
5
3247
1960
1197
35
2269
2959
1576
2551
2653
1235
137
2496
1005
616
1106
963
3474
2858
1881
2153
1595
885
893
1568
2800
3461
2598
139
1500
186
2002
2012
3126
1800
210
1120
3334
966
2503
2909
1718
1200
191
1448
15
1174
1961
2700
1142
1193
1483
1674
2586
132
3306
2241
383
547
2143
445
546
2892
2594
1082
271
2315
3241
2945
1673
3154
3429
1308
461
36
1007
3427
454
2997
2905
414
1324
1529
3087
1867
3028
780
3310
3024
2376
2173
277
2634
713
3215
1139
278
2311
2652
760
1804
983
1404
1245
1527
1109
2764
1130
25
2616
1647
2954
2419
1883
220
2123
3543
591
2831
1365
2601
1296
1084
3265
1295
1426
2203
3178
2472
267
2167
2788
1580
1564
3277
303
3228
863
2618
1689
572
89
2949
781
3064
111
1065
587
778
991
1878
1361
1421
3389
2013
730
40
1195
2866
874
3431
837
3419
950
206
2876
1853
3109
1866
908
2449
2555
2006
1535
2242
1983
2444
975
2771
651
2415
3221
1757
483
2391
2451
1672
3108
847
1951
742
415
161
1089
306
1173
1491
685
1879
3471
2466
2888
1265
1484
1116
3468
2141
253
1373
227
3061
1055
3344
2292
1280
3132
2872
120
1291
1164
2145
1794
1032
1783
2547
2852
607
3545
2485
2801
42
1968
1343
757
1347
177
3487
3544
3342
1234
2713
598
1166
438
2178
3206
1321
3
1807
2864
3072
1167
2022
2476
2819
3240
3477
588
519
3478
2506
3214
2796
2973
2373
3499
981
2001
1456
2063
2761
2343
373
2919
3488
3044
1358
2938
2859
2979
2179
3276
2414
3068
540
1773
1325
3349
3421
2828
258
1519
1589
2491
2218
2325
1679
313
3177
2212
678
2803
82
1912
1560
3130
1372
1092
868
3143
2907
2447
2380
1157
3470
238
2339
432
1386
1870
1353
1126
1509
2327
860
2811
1362
2914
3323
2018
1577
3245
2821
1758
1828
779
2762
2750
3233
845
112
1532
2963
1630
3094
514
1165
1645
967
1962
596
249
2222
2201
2227
58
71
924
3503
693
1887
1681
2374
2289
463
81
1603
2516
2432
2229
2607
1149
398
1342
64
2260
2185
915
3397
2054
1272
3192
1181
3073
1627
3063
932
1534
2423
2223
1891
1732
3119
977
2896
2277
1432
707
920
197
1090
3428
773
1131
2044
2600
3239
222
756
2855
700
656
166
1239
1031
477
2984
155
1799
1550
1433
736
3193
1819
1332
203
1279
2469
2737
124
119
3368
509
835
3146
2139
1756
1798
2802
743
1825
2424
451
114
2795
1558
2312
984
178
162
3458
3337
2965
1641
888
1760
1668
2338
1784
3076
3481
2910
2967
2987
1026
151
602
1009
2546
2863
513
176
3166
1069
2976
3311
48
2324
462
3230
2284
2331
834
3324
34
3160
1940
174
1544
2333
3498
1292
1680
1914
2011
3357
3040
504
3358
568
1158
1445
3039
2090
1441
1789
663
2452
2294
1493
1104
2777
1706
2557
2314
1464
3033
3506
1657
1899
2721
3482
2056
3093
1806
2646
706
1876
2235
2611
26
1553
1148
3489
135
2239
1593
2305
2854
2659
1752
3017
956
2340
1905
2060
1451
2544
2136
1488
3536
1840
2816
3392
1626
492
322
443
150
1801
236
1511
1416
1430
2148
2857
3492
939
2138
485
3446
2074
2267
3354
3350
1908
456
1395
935
2429
1232
105
1399
521
195
2463
782
1874
302
2921
1202
648
1435
1873
1427
2134
3035
664
510
140
3553
2460
2428
1943
584
1298
2758
1112
1849
1168
727
233
3443
2911
3454
2019
2874
2438
2870
603
2319
3037
721
213
1885
1705
2608
1341
3459
133
2817
3053
1360
3346
699
3484
2251
1403
3156
1778
3116
608
1609
2588
3034
425
2558
2335
759
1646
2297
1964
3351
1536
884
145
3398
3298
3021
419
1183
683
3432
3252
2494
732
1457
3151
800
1834
3376
2329
1811
2200
3187
1636
1132
2975
3401
1137
3111
2627
1290
1941
115
134
264
2383
3078
3092
2041
695
1179
2651
3541
229
3236
3019
261
3242
2230
93
2968
1508
1693
149
1034
2024
274
1199
3181
246
1966
3210
2189
1897
2375
1475
2202
3036
582
2982
2985
1198
1730
476
3278
2177
3382
3220
750
913
3077
2937
141
2655
1719
263
909
3059
224
260
1186
2224
1241
2258
879
294
859
1567
2471
1895
2237
1936
12
2935
1601
1121
2219
2265
1971
1035
2952
2416
961
1710
1169
2619
1033
573
1080
1956
1087
751
269
2708
1140
3234
460
1094
205
746
2216
2580
2939
424
1546
2862
2585
585
1306
442
3105
1028
39
1604
1817
1599
2868
400
103
2991
708
1697
871
2584
1305
698
680
433
1950
2228
2091
1980
1562
2886
2389
2972
1644
2499
2923
886
2234
1143
2259
2834
228
1859
1586
498
434
1734
3542
3107
1271
