648
1665
1261
676
813
1918
80
2091
2628
3404
1641
3167
1921
3510
106
660
1090
78
341
1845
962
909
1027
2806
734
2787
1861
3276
2351
2746
2175
2107
868
569
2790
3444
725
3517
886
2168
194
1577
1709
1410
3195
2618
2574
1742
2243
337
3230
498
2371
2743
1228
2585
930
866
1706
878
2900
741
2032
3302
1050
1506
2004
985
3244
3367
603
3056
150
2266
49
2682
540
1257
3320
2777
2616
2830
2789
2577
3139
894
1532
1880
2669
3511
2427
2242
2870
2358
2597
3123
1397
2138
3070
455
2044
227
2148
917
3072
3480
3478
3522
3069
263
1424
348
1998
1368
1748
2197
835
1113
2561
1986
349
1608
3289
692
2001
1063
792
1751
2317
612
611
1512
2055
1691
1687
3245
328
799
2891
2924
1197
1180
572
1111
516
2156
2603
2990
82
2701
3411
472
1958
3269
2695
1595
2809
1527
518
394
1192
2874
1398
536
848
749
1061
604
1522
2488
3180
2201
3052
2974
1231
1569
1278
3455
3114
2679
2447
3027
2949
288
513
382
902
565
1011
3465
1420
1941
2839
1656
723
3125
1405
253
2850
1247
2379
481
822
1470
3477
2188
2752
1028
1836
121
1337
1837
2783
361
1196
2373
502
3291
2432
719
3141
1640
301
2786
1703
3470
1949
41
409
2355
2769
377
156
590
1844
851
1441
3414
2232
1994
3483
2347
1256
407
359
2530
2910
691
3006
3419
2286
554
2084
2414
2267
3148
1859
1112
2131
944
788
1348
1268
3536
683
3530
1001
1616
2803
525
293
1827
1810
1554
802
3357
2095
1077
501
3199
2503
938
704
2945
1382
3168
2034
1178
1370
3135
1471
874
1251
1455
708
418
781
1854
2037
1169
3467
1759
1693
2278
984
1436
3016
1770
1920
1389
616
1724
2019
763
3189
1466
2892
3303
1766
10
3388
3373
3201
3093
2606
890
1596
935
3188
2805
1314
2835
175
1390
510
3173
1290
2844
1092
2813
1702
343
2386
3420
373
2139
946
1022
6
303
1737
1426
1536
2765
2920
1186
2964
647
1254
959
1789
578
1487
3434
300
2980
2445
3266
1553
3340
1038
1779
669
1474
1579
1599
448
684
1698
1285
308
1690
1697
165
2071
3119
2394
2936
1084
2471
3080
38
1652
3193
2247
2402
2272
3473
2397
3032
3323
53
2258
2985
852
169
3122
388
1048
3378
1662
863
1755
113
926
2108
1683
771
62
1503
2383
470
238
3451
1712
2466
3368
2415
2065
2458
3089
2364
2343
887
1447
1901
1699
1499
1823
2947
3103
495
340
390
1605
940
389
1407
1356
1580
592
2513
639
1326
2862
3104
1364
3060
1198
991
1222
1310
2391
2673
3154
587
1567
3166
56
1343
29
1025
2881
2627
1260
1365
2522
2963
2387
1361
1566
236
3487
1831
3468
3332
104
2027
3219
3294
1067
59
2755
3174
2904
2572
1477
3185
780
230
2718
861
3313
2369
2331
3192
44
2220
3198
3377
2510
2256
3427
1964
873
2320
3170
1486
1855
3019
805
268
767
2072
1458
57
1851
1300
2710
3223
1756
2049
2308
2246
2940
1181
2917
397
2225
424
1666
2610
369
2069
2573
1448
2382
810
950
2744
2499
3197
2292
61
1003
645
3539
512
331
3005
177
2903
2416
1785
1564
2692
1037
1488
1051
282
1624
2957
1006
655
1
463
2873
883
1377
1871
3406
199
919
599
329
3401
1136
1517
1369
1383
3391
626
637
1685
422
1183
2542
3036
1403
314
2041
3008
2921
1312
258
2428
2384
319
111
3454
135
1241
564
1561
1891
2586
2842
1149
1036
3366
2553
1308
640
3369
621
5
3024
3306
1035
3431
770
1782
1342
324
675
2204
1682
458
2296
2227
3515
2976
530
1900
233
2922
87
2709
2732
1917
2568
3416
2633
1226
2855
756
664
2362
1246
1083
714
2289
43
2454
2335
2127
980
1515
609
3311
544
2802
310
3290
1140
1864
1413
2995
1633
927
1834
1621
2688
23
1336
2336
561
947
386
563
1058
2846
2514
3354
782
814
1563
2366
1775
2541
279
758
3509
485
990
3258
1238
2996
2239
2760
3191
2340
872
2480
2
1680
3067
2761
3358
2315
261
2462
145
374
517
1463
3346
896
3026
2897
1071
945
1795
2942
3458
834
180
2311
1510
2808
1392
869
335
3063
1483
2569
1323
1121
3348
3514
201
116
2380
2023
1143
3151
225
3395
3464
1085
3055
1745
2521
948
3161
1156
206
3492
1357
778
1715
1363
2189
2950
2412
1489
1138
766
2773
2015
2944
376
2928
2955
1393
1576
3383
140
2840
3062
568
444
567
1648
60
1047
2666
3466
298
3109
3298
2925
1062
806
3214
3143
836
2215
387
2067
77
438
200
123
1232
465
2113
1000
129
2614
457
350
2191
2093
404
2868
2199
3085
2305
1762
775
262
2528
652
1867
2460
2203
305
1852
2490
696
2457
1924
179
988
2880
1589
2271
1722
3129
754
562
966
1320
3521
2705
108
1089
1433
1074
1513
280
3317
916
3449
1088
2818
2667
1250
2979
1244
1558
2230
2106
1258
1101
3177
235
588
3134
1286
2501
68
2887
3081
1266
1495
3519
2089
3484
2017
2523
294
181
1853
1496
1480
1989
906
3341
2519
2434
832
1316
189
86
1593
3418
574
240
91
2209
1544
2097
3446
670
2595
114
1040
583
556
772
1243
2747
773
977
1799
2973
3319
2782
2584
1615
718
3363
1338
1825
2589
2463
3429
2570
2879
798
2056
2776
1139
936
3171
1981
3343
3493
2909
1793
888
824
30
452
707
3047
2653
3301
2128
1550
325
3462
957
1897
307
1151
973
673
627
2643
2913
2582
449
2116
2529
1201
322
2302
859
2344
769
812
2914
406
993
2799
2801
2867
1054
326
2657
1137
1594
2677
2758
661
1876
1188
1394
1209
789
2467
1946
2869
3440
1481
2961
1948
1807
3240
3212
3533
242
1739
1184
3086
3233
1978
2931
2298
571
2328
1790
1996
125
3537
1213
1235
1128
2137
2469
3065
1400
3553
1700
3292
1947
1080
2725
547
2713
220
39
2274
1265
1105
751
3091
1269
2716
3145
2659
2717
1910
260
1634
2726
1969
1462
1166
1963
144
1159
596
1130
435
2449
3033
0
1729
2066
3101
2112
3096
1131
1879
2063
1271
2620
3186
2483
1005
2647
1632
3402
535
2648
2365
2218
2968
2262
2143
3150
2672
964
2061
1939
2888
2890
365
2050
139
2551
3181
3078
3544
3210
685
277
2316
2152
2927
2440
1167
2042
2270
1009
560
1689
1245
1753
2559
1340
1202
1571
2609
1107
2506
899
1575
2470
1913
283
1422
1504
1581
1328
2375
2534
1895
3481
654
223
84
1847
1547
3218
1509
2388
3326
1252
2959
3194
3441
1122
2886
913
1977
3353
2859
3438
3018
1797
1275
2140
3549
2297
231
3256
3100
3235
338
1980
2491
1104
33
3322
1430
1046
3457
1955
1491
3157
3527
2291
241
443
3336
3447
2184
1417
774
184
843
2300
2475
809
115
1440
2661
613
1309
2171
2126
1538
2400
2993
1435
2517
529
1129
3520
3115
1556
2260
949
3039
1887
2504
593
273
1619
2117
2100
2122
1409
58
1962
1091
72
904
2676
672
503
2248
1583
1500
468
2077
3389
3526
83
2977
2781
3
2124
74
1115
398
1669
2205
846
3472
65
2025
2162
2081
895
1116
2600
856
2592
1985
2753
3095
2436
1142
2281
1535
2772
1042
915
1442
2118
1821
1950
3534
960
3476
2178
497
2894
688
757
3460
213
1055
768
1777
1095
469
3156
3253
491
67
347
3102
237
934
2860
3064
680
3261
178
1171
2186
1670
1013
549
3529
2939
548
3356
3399
167
1815
3050
1464
1347
727
2437
702
1126
1743
2730
216
1203
2496
2878
3208
131
3225
2575
2899
1824
794
2972
2036
2012
1668
1754
1650
658
1878
1718
3305
221
3110
1749
1760
451
117
1281
215
1472
1502
2208
967
827
2901
192
3250
1174
1574
2631
1485
2547
399
531
3165
764
1552
752
862
1672
1570
2238
2733
1701
3105
1432
3551
3202
3550
2651
333
402
426
1008
163
1431
601
2087
1885
2104
1002
2675
20
281
528
1720
190
2413
2778
2704
412
1757
1819
2407
46
820
2223
1507
3365
1959
2473
2179
2231
3152
699
2535
31
2784
1862
686
1177
3061
2325
188
1457
3283
3260
1214
2183
3207
1588
1923
2800
3054
3092
515
570
1123
1360
3084
1355
3023
3124
2318
2745
1401
1069
1613
2210
3501
2678
3205
1830
2652
1988
1728
687
1803
2130
22
1467
3304
3535
3226
2741
1508
2200
3232
937
2240
2848
1993
1366
2406
3252
1396
1764
2588
1534
3405
345
440
162
1723
256
1419
1330
1344
2046
3073
923
2035
3137
2871
2883
2560
1842
459
1311
918
2796
3229
107
1315
538
210
2329
777
1801
321
1158
2938
1349
1800
1341
2031
643
523
2751
2721
2326
2293
1865
579
3496
1079
1774
1132
713
252
2619
2856
2986
2303
3271
2216
705
228
1813
2728
2472
1263
3204
141
1282
2555
679
2655
2794
2768
1695
607
1526
2448
417
2424
2235
3408
3236
2195
1889
1446
858
154
410
2895
659
3315
2367
2918
1372
785
1758
2578
2228
1734
2099
1546
1096
1102
2494
1212
1863
119
142
291
2263
3525
3221
2852
2516
3428
3241
3376
2125
95
1416
1598
159
1017
1966
302
1155
2821
1892
2086
3196
2251
1385
2102
577
1154
2770
3029
2070
2994
893
149
2520
1629
289
889
239
285
1145
2119
1173
2157
853
3345
3082
1482
2339
1826
3310
1858
3077
1516
1087
2114
3094
1899
1018
2279
943
1617
1133
2485
3436
575
1045
1881
1052
3342
296
3274
3183
464
1059
2997
739
2111
2438
416
3459
2444
580
1230
439
1010
36
1519
1741
1514
2885
2983
689
1602
842
2443
1229
3293
2724
427
1873
2123
2007
1911
1478
2269
1555
2372
860
2129
1110
2158
2671
245
2853
1501
508
430
1646
1194
1628
3335
656
606
2552
1735
1612
2150
1253
1856
2003
1937
370
2268
1767
1225
436
2729
2134
3424
3022
1999
2192
2395
1185
3381
2686
148
582
2009
1404
697
2226
545
1399
2381
363
3314
1215
1953
76
202
2169
1164
1319
3248
3238
1205
1272
1135
353
90
2607
2623
3397
2135
2543
2076
1528
1031
153
196
3331
514
2797
2174
2426
2450
2764
2047
2149
134
2294
1559
1704
173
1850
791
2734
3360
1279
391
450
2907
1841
2224
168
1746
1352
3097
3361
735
1531
1934
1915
269
2441
1492
2819
1187
2912
284
1073
247
2775
3453
1179
1219
112
698
3546
1469
3297
2507
1479
2981
2283
3355
1141
1784
3051
2625
25
3516
259
750
804
928
2301
3213
1717
1082
941
2005
309
520
1573
2404
1289
172
1362
3284
1829
1452
2173
400
1429
2837
1371
3237
183
94
3160
1367
1346
3330
2754
381
2992
2749
2771
208
3543
2000
3217
1884
79
2345
1060
2650
489
3182
882
1428
720
716
1075
989
2132
2264
3508
75
1150
318
1029
981
1170
272
1418
1373
622
483
1505
1572
3227
2715
1108
682
2275
2120
15
2538
2706
2932
2757
1057
2640
3146
3088
2649
2662
275
522
2213
2403
1283
2194
1530
1518
2040
1211
1839
2967
3178
3390
2621
1961
615
3321
2554
2969
2429
745
2401
64
218
573
24
2304
3552
815
3142
1497
3482
431
759
2265
1081
2287
1303
2645
2482
1299
19
1674
1902
1707
870
618
3011
482
2762
2987
3433
1240
7
3479
1322
2893
671
3034
2727
3130
3528
2342
1906
2348
1586
2591
97
1380
264
3316
1332
379
1925
2934
1714
3474
1153
2509
1591
2074
2664
903
1886
11
1280
1273
1049
826
3350
2006
2681
2206
1600
1545
1708
317
1951
1388
3417
1195
2276
3275
1529
1284
3504
2811
1636
2663
511
1972
352
3308
586
2408
1118
3058
3031
3287
1585
219
3499
2020
642
2756
13
383
171
2608
2261
2346
3246
2038
3200
492
1783
1973
1032
226
2176
2177
191
2829
3309
3003
1786
2549
1820
793
47
3074
3215
1975
1523
1039
2849
830
2459
1912
232
2105
2026
3507
2376
193
1168
1808
3121
2858
2022
740
1673
1908
1007
105
1944
3030
2690
2815
1106
3172
3494
1684
3542
3138
437
1460
747
2864
1990
2322
2540
1828
1041
1288
731
2680
1384
837
166
2632
1568
2581
1582
1727
2599
2133
3296
1292
1694
2088
2370
3450
1043
1475
1351
1014
674
1484
1020
1860
124
143
1952
1664
2767
1354
2029
1663
2011
3131
1557
636
1642
278
3147
69
1374
3273
415
1411
3437
174
2033
1904
1658
1053
3257
2556
2711
633
839
3049
3333
295
3351
2738
2431
602
2385
2537
1402
372
1208
1415
857
1298
2233
2083
854
3190
99
2511
408
3523
21
3328
3231
3538
2350
2484
2531
1450
1443
1622
8
1114
2812
1454
1997
736
2833
2923
2646
1414
1333
3263
2617
2933
1094
2822
1335
195
1644
1960
1898
3127
1291
678
1144
728
2804
2798
1792
414
2237
2285
595
2791
1468
746
823
1968
313
3463
2635
147
3393
1933
971
3278
477
1004
1661
1490
403
2814
37
2941
467
2054
2644
1686
1023
2451
1725
1970
3456
2313
539
3040
546
2630
1604
50
3325
1307
2605
1548
907
880
733
1643
1928
3503
955
2360
433
2905
1768
423
487
584
1068
500
1676
445
753
552
425
2273
2792
589
55
2766
2314
1942
1936
1152
2109
3267
136
3128
2707
3415
724
3187
3149
3442
3175
2327
1849
330
1016
2982
211
315
776
1752
2525
2060
3007
2478
3548
2877
70
2500
287
605
1639
3117
900
2398
786
996
1750
2696
3099
801
897
1019
2337
292
1264
1984
207
2639
2929
2193
3426
2028
2307
2566
2857
1239
1218
2464
3224
3491
1511
2147
632
1778
743
2518
1221
2295
619
1379
1189
3087
3169
797
3203
972
1297
3344
214
1796
1408
1217
392
2636
1120
974
446
700
3158
2166
3445
3375
748
2489
32
1805
3541
1671
3485
2282
2988
3443
3299
3209
2377
3164
120
738
1044
3469
2456
1812
1267
1259
3532
3220
630
1056
2323
