2880
1162
503
2024
2921
2725
2498
3368
2300
744
2715
1559
2585
501
808
933
9
1474
1905
228
2079
2224
692
1266
2922
3116
3003
1636
3386
2373
3468
3256
3340
1166
1998
1883
705
188
2454
2985
1945
647
274
551
1901
1438
3243
941
1187
767
3175
1865
489
38
447
2583
3017
819
2285
3474
2445
2527
373
1795
3523
1207
2145
1116
364
3000
1056
3178
2869
3298
1740
1415
144
2099
2471
966
2208
1074
3337
1120
2171
3148
3229
2161
3206
1662
2900
14
3427
3230
2849
1156
1233
3079
877
2738
2053
1424
1414
2162
203
2330
1164
973
1295
1451
3275
1635
2147
2650
3366
3430
2094
3261
1380
3392
440
1185
1358
1119
1076
2250
3153
3160
3407
3288
2635
2987
3067
2396
1810
2586
1679
2148
606
1952
1155
2056
2457
2871
763
1835
1992
3253
229
2398
1614
1756
469
2125
93
1618
788
2778
3456
1656
1739
835
3352
238
278
3359
1697
1374
1325
1005
2234
2693
3496
2199
1789
3220
1140
251
7
2671
2700
2349
6
559
2517
1298
2879
1973
3099
1629
2638
2433
2128
3333
1580
351
2941
2219
1299
2026
3518
3221
3358
574
2184
2790
1371
1575
2962
72
3434
2350
3541
3484
3529
583
1975
74
268
916
950
2427
3244
2615
3481
538
3198
1545
3419
535
1670
2818
2961
49
1221
2228
2455
2320
1206
3248
704
1962
3107
2862
1456
841
1768
3280
2659
3339
2463
1457
3393
2980
34
2641
1968
2499
554
2959
2022
3061
1891
638
56
1305
898
477
2028
1479
3299
1819
2176
1659
2561
1365
3158
1730
305
774
2618
1013
534
1858
2815
783
2385
533
2492
2154
158
2637
2461
23
989
1920
178
1133
107
79
510
3193
1309
2121
991
1139
2914
1851
1801
2363
246
1886
1906
957
735
2179
1503
1363
1793
1211
1521
648
2977
3279
1011
512
1616
276
1031
2114
734
1518
1711
3383
3123
3056
2891
1839
363
2653
291
2931
3380
2506
3388
893
1026
821
2078
201
307
2123
3247
1249
2571
3100
2674
3395
847
3505
63
2347
3091
2220
2223
2858
820
293
1400
442
1341
446
1425
3144
665
1976
596
502
1278
2325
810
3465
787
1235
659
2206
3343
2500
2724
1153
1354
1542
2335
3053
1191
471
2068
1671
3286
2080
3490
2984
2684
3040
1124
267
1270
338
1093
2034
3292
2274
1965
1445
3052
1773
1492
2582
406
1849
1159
1641
409
1983
484
1001
1192
1663
3125
1073
2356
321
3436
1672
1506
3327
2007
2877
3488
844
547
1776
3391
65
166
3095
2845
2731
1447
1573
3415
3172
1184
2225
2752
3489
845
1633
3195
2677
1517
632
3315
3226
2939
41
1904
848
2874
2085
2297
1267
2268
923
616
757
2702
1708
773
2722
1557
1831
1603
1264
945
2680
3536
3521
259
199
1918
2570
3060
3320
1884
722
486
697
3373
2075
2169
2426
1392
3477
1231
2192
1853
3287
1903
607
604
3316
1524
2951
1535
129
1894
1472
1752
2853
3218
2533
857
2593
3533
53
1703
3113
944
2975
323
3211
123
838
207
3010
1716
3349
968
3429
948
1955
1836
239
975
2093
3012
3446
2036
1692
703
1699
2120
4
1273
3491
675
1462
42
216
733
3184
2424
2811
1110
1471
2276
1261
2009
3147
2417
1802
1755
1217
851
1130
3150
1058
1277
832
3302
523
3412
2501
1691
1368
2493
1202
2470
756
2825
391
496
1847
3050
522
1469
1064
2096
2691
3539
2525
1841
1799
2807
1080
1296
1406
1726
1678
553
694
772
2497
2957
2076
1417
3215
1932
91
1008
594
1571
3234
2135
642
2903
1106
2692
390
1951
972
264
2196
1892
1410
2475
1837
96
1149
899
1094
2432
951
998
2181
768
37
2746
2652
1181
385
2829
965
1047
3110
1676
1453
236
541
2774
2632
1687
1991
1862
850
1950
3362
2423
3063
1408
2061
1480
2050
969
3458
258
3335
2310
2195
645
1051
1780
80
1279
2629
262
2371
822
3241
2134
1383
1314
982
2129
789
2662
852
3402
1082
1158
1432
1715
749
499
1587
2308
2010
2798
1407
3409
984
160
754
2510
1144
2035
2443
3472
1463
760
2783
2478
450
1397
1122
3028
3276
1651
2006
3085
1814
302
938
2256
2912
3104
1134
3313
1330
3520
1084
519
2284
127
1188
2868
114
2994
3387
1420
433
1623
2744
1785
463
1198
3055
2070
241
1723
2640
1145
696
2676
3122
2270
3385
1808
1167
1555
230
1947
750
3059
1870
2149
631
113
2218
1455
3314
3532
1494
3027
2153
350
2706
36
2636
110
576
2127
2936
1598
1675
1394
3001
1941
809
1825
946
3356
684
2364
254
1046
1604
392
1601
529
2564
530
175
3306
2462
2388
797
1214
111
1170
1818
1985
1015
2332
2333
962
290
1969
417
979
1439
102
3199
2302
40
3115
2771
715
1625
2719
3267
633
751
2037
740
3165
3210
421
2095
2318
3463
253
2141
1002
340
1602
1993
3353
1349
2108
205
1010
1577
1900
2657
1210
2792
2895
3132
1262
2937
1437
889
2152
514
1914
2468
3186
50
1606
3444
1025
2654
905
896
3475
3508
723
1236
2762
2776
95
542
992
3033
2910
781
1880
2644
133
3133
454
1054
2480
1879
1762
3461
3308
3517
2013
177
214
2675
840
2886
1796
1493
2873
687
145
2826
1239
2345
183
3524
1758
1686
748
932
69
2411
2616
639
3162
1136
1578
718
3336
52
2459
3026
336
1396
561
287
68
2628
995
743
2791
1307
3300
371
2027
2865
3068
2086
994
235
2275
2207
296
2741
2742
2761
3342
3332
3065
2327
314
1129
1280
1657
2597
2743
3418
1690
1960
849
1592
479
3452
2002
854
646
575
2770
3503
252
86
2403
261
2323
3109
1569
699
3042
3464
589
1049
282
3447
2067
2809
15
3534
1135
2105
2293
1232
1978
457
3124
1608
1520
2781
3242
389
1653
1706
1055
2808
2103
367
1306
2607
2450
795
2814
894
131
3138
2596
260
1553
423
2698
2409
3278
300
587
3176
430
801
706
1195
2042
1
1733
2983
156
539
1004
3066
2012
1323
44
3222
1071
2999
151
2816
3312
1356
811
234
2810
2023
1677
1784
2465
2133
1617
3310
1301
2988
1688
1412
1039
3296
2051
482
407
1352
1972
329
1981
3255
3351
277
1655
1890
2991
3382
100
1284
416
1667
997
870
1588
165
331
478
1265
1060
2014
2201
3171
1387
3083
3213
3154
2881
426
1042
1698
174
3076
1429
2837
2032
2872
1152
3112
729
1030
1386
2554
563
3367
3102
3553
3173
2622
2515
2289
1182
1302
357
400
3185
459
1048
3117
3240
2542
769
2408
2710
2688
2416
200
2203
3486
2307
1148
2193
1157
2439
1098
1402
3035
2229
1053
1695
990
2734
1744
1830
741
505
353
3062
3550
1342
892
462
2060
443
223
3108
271
2835
148
964
1683
3179
597
3435
2173
1070
1638
1242
345
1016
3246
1355
219
1163
2830
618
2030
1508
1319
2856
2828
1088
1505
1896
2183
2227
3537
1658
1023
621
1091
3525
2772
1131
1753
911
3101
3041
2209
387
1855
58
3196
2998
792
2875
2876
435
256
2074
875
2580
57
3317
8
833
2938
3245
2621
2789
2968
1915
208
1359
1126
2205
890
878
3507
87
432
919
2578
1533
1782
2690
2757
2656
3414
1361
26
2974
410
1313
3291
365
2907
1893
1778
798
1373
295
2362
2729
283
169
1511
2560
412
914
112
1490
1989
1792
294
700
1467
324
2594
1324
518
620
1767
1987
375
2563
531
2260
2545
1478
2235
1826
908
1012
1539
3151
3084
1052
2562
2122
1504
2850
2336
1647
1209
3297
2926
1936
3114
884
3372
2982
2466
868
411
326
2952
1970
2927
2353
598
1838
1018
1786
3519
680
3257
19
1293
480
549
3
2601
3457
164
1812
1040
1844
3225
1829
3345
660
1528
3501
1964
3029
2609
2898
2913
570
1634
1063
1340
1345
871
714
1933
312
1502
2574
83
1935
2904
662
2097
1444
3527
2509
2288
233
16
2976
2639
2537
210
3187
1827
2090
3334
1859
2822
2251
1741
288
3008
1654
2918
3347
3191
3284
2888
1281
1125
2833
3431
152
1523
2313
2758
1475
980
343
2960
537
2565
1320
904
1077
3002
2031
2588
2004
1435
3015
304
3498
1379
2055
1369
2413
1431
2799
466
3328
1419
3473
1081
2383
202
21
1044
903
1720
1452
869
1939
1085
2503
2315
171
3264
3467
170
47
2909
691
2897
2709
3324
418
1259
2341
1854
368
1351
1718
1257
2718
1946
3546
2222
1487
315
2299
826
1828
3197
3128
2800
2780
3293
1823
603
525
441
490
2996
301
2397
1961
1405
1470
3030
2057
2713
192
568
18
1062
2415
2824
1777
1637
2045
805
3212
143
2602
3271
2160
2306
2556
1416
3389
316
2155
2712
2272
2328
3497
2655
1057
428
1194
215
1997
552
949
1794
1183
2334
2823
3369
275
1748
958
298
3152
101
1772
3482
2164
28
731
1391
986
3071
2604
1979
2543
2777
1864
386
2796
1377
1161
617
676
2990
2271
1132
32
800
2587
2634
1337
2376
1017
3121
2768
521
3509
1197
872
3149
2109
2112
1908
726
1034
2436
396
415
168
2236
1104
3057
584
1673
3494
2946
1230
1572
2351
3127
3516
3439
2827
1798
3268
2257
2572
1873
1346
3135
3204
82
2382
520
1747
1522
915
3338
2113
3163
623
1428
649
2402
1567
1321
1229
1804
161
2847
2116
2132
2817
624
2072
1300
3417
374
88
2821
931
2126
119
2131
2261
2213
1111
679
1251
2329
2802
689
5
10
1531
347
3514
1735
2130
2522
2992
2142
730
2174
2400
1783
1621
414
173
2528
897
1292
1674
737
2197
2767
1095
622
3227
3512
652
2720
3398
2733
1815
3036
1035
92
2548
776
66
2782
2711
2803
3530
403
2851
335
3285
2624
211
3318
1226
356
1423
2908
2864
2701
2754
231
565
1980
876
2689
1909
186
874
1581
3403
3258
439
225
1395
766
3462
1422
2550
1489
548
2348
799
1926
641
1168
1842
2619
1388
1507
1028
3331
2178
51
1212
770
1949
2490
2668
3034
999
2069
702
595
197
1807
2343
580
630
917
328
103
378
3445
1988
2521
438
555
885
2339
2384
134
1797
141
686
1907
913
818
2942
1100
2806
1570
0
3355
2230
3515
1863
834
2631
2661
3005
2704
1999
1700
588
511
3037
956
693
683
2954
2547
451
180
2529
2404
953
3086
2064
3166
2695
434
2745
3266
30
1171
1287
912
2804
3006
564
384
1959
464
1994
755
668
1393
191
150
1648
3289
863
349
650
330
1527
1809
198
2052
558
2476
35
273
2708
212
2836
185
115
2187
927
1201
1967
2843
3469
1705
250
2282
636
1948
3054
1954
285
339
2917
43
266
3235
2945
1548
571
2301
2944
581
1515
81
2753
2786
1240
310
2419
1193
2029
2194
401
159
2660
2935
2438
1500
3513
993
2544
2703
960
1996
2748
778
1714
1227
1669
2139
664
2633
1649
1689
1083
2667
137
807
2277
3408
2964
3077
2995
615
1114
1775
935
1628
97
2157
775
232
1285
3118
366
1750
319
1366
2887
2978
2723
814
1117
3120
404
3350
3329
1179
3405
2088
2188
1600
1332
955
2200
460
3051
2883
2119
2008
2625
2973
1092
3450
1243
3437
1834
3272
672
745
673
2950
3136
3047
2464
1253
1724
532
2481
2016
3552
507
1540
184
2751
1384
1021
425
1876
2885
2287
3159
372
1007
716
3145
1546
2820
380
2530
2590
670
3281
655
1940
1112
46
1286
592
181
3438
1833
2605
1376
865
2431
2077
1928
1291
3262
2170
1664
504
2552
3448
2541
1938
2899
1254
2539
1929
3021
1203
3470
157
1791
286
1389
627
2180
2840
813
11
2
1615
720
698
1461
3013
3423
2598
2000
3321
2852
1024
3064
2882
1626
2479
2242
2485
2425
3019
1027
3048
988
2360
936
2321
2065
394
967
1543
2890
2540
467
856
248
220
3093
3341
1816
602
2262
1409
2278
2642
3379
2495
84
934
2846
674
483
1127
742
1247
862
590
3322
1632
1645
27
728
1902
1367
120
2679
481
2859
78
2993
473
2739
1357
2736
864
352
3023
149
825
1019
1204
476
1150
2258
1565
1115
3440
1219
3011
2477
397
2311
3531
1069
456
67
610
2240
98
3209
1481
1551
926
167
830
2787
2687
1866
557
3492
1317
1322
2226
3319
1466
3378
2760
2366
910
667
1761
1190
516
3078
1832
3535
2472
243
3425
2092
2156
196
70
1329
643
858
3390
60
2054
2603
2352
1732
376
1845
2755
1550
1151
1318
2832
2730
3119
2182
579
1942
263
2520
3069
1852
881
3283
836
3192
193
1957
2870
408
2532
918
1107
2965
2902
2785
2370
1848
3208
3277
2924
2906
1924
2428
1260
2420
204
3201
2920
1014
2857
1089
2399
3139
3096
1734
2784
922
2001
803
626
247
1436
1872
985
937
1579
2972
325
3177
1443
2531
1771
879
2355
963
2163
3217
237
3004
3190
866
25
172
2842
1619
2764
2747
1843
33
109
3301
1745
1875
513
1790
2896
3231
1534
1458
2940
1123
2759
2357
560
709
