2808
1060
3368
3189
1750
593
424
671
1313
1118
712
46
1830
323
1478
2614
1780
2424
895
2726
950
3342
3084
1877
1668
2377
122
2292
2444
2829
2911
3432
2490
2187
171
1505
1862
1881
1859
2378
2506
2018
1936
3055
731
2058
1216
1182
1659
2636
105
2810
2085
2425
2345
1437
1467
892
3348
553
2475
3146
1803
528
1334
1521
415
1008
285
679
3261
23
290
1638
587
71
3262
370
708
3229
537
107
1370
1461
2696
684
1827
3156
1009
575
918
2073
3357
1853
2675
3092
362
2466
418
2137
839
3285
16
963
525
1465
1418
495
1105
1488
2391
1762
2800
2515
344
439
13
1574
2860
1011
1099
1408
961
3205
521
64
904
2012
3245
1973
1843
746
1487
2863
1290
1807
2946
2936
1540
721
1361
2279
524
1797
2552
972
1561
2513
676
3403
1102
1315
1120
949
1240
1292
3501
1642
2882
2217
2301
1786
1942
840
1133
385
423
28
3151
412
847
1091
3160
2517
2457
1865
1080
437
976
1954
2171
2866
2578
1989
1774
2719
3246
84
1154
2555
549
526
3481
2102
2029
2655
3512
1784
564
3219
1295
2522
2159
3122
1249
1428
3253
2752
2478
1106
2643
3141
2980
2151
3247
476
3494
2864
99
2600
2067
2559
2372
2170
492
3076
2950
295
48
3121
377
1356
14
1257
835
1169
2650
2589
723
1644
100
848
1342
563
1477
911
1675
1876
546
2394
2707
3054
932
1138
2340
3248
1677
3498
1847
520
2244
386
1949
2432
3428
2896
162
2775
2013
881
3309
2465
1158
3381
2801
2978
3496
3239
1987
2794
20
648
504
1301
1653
3520
1948
3135
2296
279
3213
2323
1089
294
3085
1246
3258
2212
2942
2602
544
130
3062
190
2208
1484
773
487
1536
1988
1052
1560
1153
1077
2937
2857
2819
304
43
713
59
1984
3457
3399
1325
2943
147
637
1867
3375
2956
947
3549
1084
3251
3317
207
187
1639
744
404
359
2664
1393
330
3387
1244
1826
2611
716
3254
3521
2612
2914
1682
3484
923
2181
508
1571
1612
242
406
1426
1048
2103
2672
694
3353
1579
1236
3134
1680
2091
2976
198
1451
2538
1338
1745
2648
3345
1398
2985
2379
2715
924
726
930
928
2579
2931
3318
2160
2918
1456
15
275
3398
3511
3509
1977
1844
1851
2227
1575
629
2341
2818
2845
3462
19
2991
2666
2766
1181
3126
2451
1136
1926
319
2623
3003
634
1672
1647
2154
282
2678
2557
1460
2220
106
2841
1436
2456
1922
1245
2837
1132
2207
1256
2445
289
1380
2933
1930
539
1333
666
3451
276
2960
3445
1959
3436
3043
2146
1086
3128
2635
1438
3502
1794
1742
2017
2071
382
2145
3526
1670
2855
1958
2885
2439
2953
3355
2652
3545
1390
3347
318
2788
742
1681
503
2853
2626
3308
2493
531
1189
120
1611
1374
1820
339
515
2867
2970
2113
2987
967
1555
3395
915
2460
2564
1796
1965
1004
22
1225
2892
2823
522
1066
228
2454
719
459
1501
325
2771
278
3196
1013
953
61
1156
2109
3397
939
2131
1270
63
2638
2473
1061
173
413
2283
968
66
2222
1288
2064
2097
3180
2016
2370
1832
2856
1633
2536
2333
583
2508
151
3113
909
3396
945
1097
9
2859
2184
3152
1900
1108
1588
368
203
2320
407
2782
740
836
2178
6
1554
1595
450
1894
1956
2606
1783
1599
2336
80
1903
2813
1208
1541
843
2645
938
696
1264
1073
1868
2898
2112
977
1261
1792
432
232
1791
1329
2010
1848
2790
3297
2909
3265
1263
1749
2086
1825
683
1176
272
741
3485
2111
1222
3127
518
3041
1255
47
632
3277
1704
664
3014
2608
3360
2524
2875
1201
633
841
142
630
3316
1931
670
269
2105
2440
1569
1409
1928
916
2959
1821
737
392
2115
561
1890
81
2613
2481
2519
2674
1805
1053
1643
2532
3408
538
360
1037
2014
2093
2846
1598
1226
1358
3116
3420
1135
292
2177
1547
2298
2647
1858
1258
2169
2887
154
2964
2621
3131
3306
1587
1150
3427
1500
3289
2653
1273
2435
3518
2558
1626
3442
699
626
271
1101
2952
669
1321
2568
1485
2042
2982
1302
581
890
2768
3537
197
2428
1404
149
2310
2981
534
475
42
3015
1411
438
1337
1051
3310
1202
74
329
3382
2609
2550
2526
109
1667
2421
2673
3046
1125
1678
2721
3517
2730
1155
2966
320
1625
1522
1972
389
1117
3400
1614
3266
3144
770
1065
574
2362
1566
933
1071
523
1717
2975
2028
1785
2494
646
1940
7
67
2130
2020
2905
1662
2229
2107
72
3133
3437
3115
1227
2641
1137
51
2420
2938
2615
971
2092
1751
1923
458
1462
1405
1756
3227
448
1114
86
434
2736
502
79
3147
2913
1580
2989
2727
3129
3346
3404
2948
1503
449
1083
2879
2861
582
419
315
193
1669
948
1466
1434
1925
2722
1837
1090
1855
1691
2213
455
745
2472
3083
1363
1010
3073
1964
2118
2516
2774
57
707
2497
2139
1171
300
1291
1413
1637
2342
369
30
1946
1252
2874
1448
3268
2798
425
2683
2770
1392
414
1838
682
2592
2549
2098
3202
883
1548
2851
638
2569
1476
1343
2894
3070
2598
160
3276
3303
3534
2686
3366
180
56
3004
3193
2844
3488
693
2835
1170
2842
227
3130
2821
2156
1654
2491
2384
2900
527
636
1979
3000
2772
2055
579
2166
1203
1082
1328
270
3163
3274
349
512
2662
2167
2514
1918
2128
912
1649
2710
3377
2871
2520
1746
76
2581
2366
767
902
1558
3321
2065
1046
2224
347
301
172
2311
2563
231
355
2430
3372
374
1679
910
2751
3499
2659
2607
907
1657
82
3370
1318
33
3542
2820
1359
357
3114
1660
326
2110
2669
3226
589
1147
2462
3232
446
1210
951
635
550
286
2890
3362
2927
3161
1846
772
1383
1778
2467
3225
312
1594
1966
3311
2692
714
1468
102
2928
900
3108
493
2142
1971
3010
348
480
2814
2667
2656
365
1586
973
431
1450
2654
1440
3185
946
143
3080
2920
2434
314
150
388
929
1700
3148
3423
119
2433
2923
2919
427
1297
2140
3093
2671
37
2729
189
1464
1058
1912
2684
2119
1688
3090
2448
2331
509
1241
1294
177
882
111
1939
506
3201
3008
3179
3523
1889
1768
1213
1323
1941
35
3307
2423
1403
1527
2634
1710
2393
3184
1265
93
236
1790
2108
2689
18
3071
591
1243
2786
2335
1331
1479
2973
2183
2535
2617
577
2986
3551
2388
554
49
1131
1781
718
651
233
517
2001
1943
3060
1510
1716
2511
2024
1841
3118
1184
2006
1283
1401
735
1364
3082
956
342
1920
3373
2714
2917
3059
692
2924
3068
893
3314
3527
3490
490
1929
1382
3449
1441
2182
733
1808
327
45
2300
2175
927
1320
3487
3543
1180
1499
1771
97
2983
1967
3235
1340
3503
1748
2242
2152
1526
1345
3513
1335
2381
1544
1937
2961
390
430
1511
3514
1034
1568
299
1221
1616
335
54
1513
2888
3292
1445
127
3359
157
3042
1280
680
2447
3208
3358
1128
1514
2101
2993
121
3044
1873
303
2250
1955
1311
762
1993
1475
2849
2633
2464
2427
2211
321
481
510
2446
1531
1602
3287
1787
435
3183
12
123
1962
2337
3216
1754
505
1652
663
1115
3237
2711
3439
1429
1908
2278
363
3221
1119
461
283
4
3529
1463
513
2332
2854
2724
2720
1474
2824
1656
3506
3544
3452
2072
1690
2489
1259
1057
2327
2573
1957
686
429
1528
944
3541
2716
3284
3438
3270
2915
90
880
3249
52
416
10
1223
95
2796
2015
1622
2627
1981
2240
1063
2060
725
2872
1399
3095
1309
3263
131
1646
1907
3300
2605
2277
1038
576
1074
1615
2884
3097
3469
2214
1373
1314
3497
3244
284
1341
952
1779
307
2625
3170
1624
378
1994
40
2876
3002
1357
1050
1518
1143
1802
885
280
2126
2173
1385
3425
297
178
1634
3405
920
1665
1935
1379
454
3424
1111
625
3463
2523
1699
1178
1040
1454
3343
738
2755
497
1546
3252
288
87
704
959
921
2584
1332
2677
1535
1743
3064
2502
1641
2056
2717
2912
2731
2572
3169
711
3376
1173
2165
1974
2935
2787
2027
3410
383
1747
1551
2525
1702
3293
2593
566
1829
353
1882
2458
445
3191
2026
1219
650
3315
1795
451
3470
488
1842
558
2059
709
975
896
3351
3061
732
2694
1895
1062
2325
1481
194
960
884
1601
1508
1271
1362
296
317
743
3267
1557
1276
1483
3516
2921
1963
1533
1891
1489
1094
2205
970
442
3140
2756
230
1951
3139
351
103
1317
2619
1645
3283
2087
2642
1242
1590
1687
240
3206
2831
729
649
3250
1905
483
2210
3053
358
2809
624
3443
1793
245
2596
1542
552
41
2767
372
94
2009
113
2594
2390
2773
3478
366
2312
3119
234
3468
2548
2646
1703
2019
1909
2631
1274
2965
3158
3175
2610
2534
3550
2319
717
1045
1701
3256
422
2697
3364
2668
2680
2343
2338
1739
1253
3454
1589
1326
60
2699
1442
2129
941
1985
3177
3157
441
2897
2797
1279
433
1824
2531
3322
1215
324
2893
2977
2930
2929
1760
2225
1410
2939
2807
1565
1417
2546
112
2616
3319
1049
3444
367
1562
1798
660
2297
1175
101
555
2376
1685
2763
1640
204
39
403
2828
516
3255
1124
1892
2941
1214
1695
1209
3461
1564
2628
584
2470
1103
2505
2450
2041
3136
3479
3305
710
2246
1067
1534
1902
2878
3302
2586
1835
2004
1139
3406
2895
186
3510
1289
1698
2500
698
898
2969
331
2562
3531
543
1671
2566
1961
2816
2501
2582
2387
2799
1650
2321
2704
1618
2294
452
192
2280
179
1788
2161
405
2870
2701
2282
1914
1360
1218
3312
3356
3086
129
545
1708
356
532
92
411
1934
11
2560
1755
2099
3367
2141
3547
1516
3236
1658
3378
2429
653
2030
2698
1823
2346
1110
894
1696
954
1947
1509
2031
662
3234
2574
1377
1880
141
1713
3505
2957
2583
1953
50
341
208
2791
3349
316
1144
1740
3233
3259
689
627
1494
1655
2503
21
2471
2640
1549
1870
1916
1425
2570
3200
2951
1104
1054
3091
1869
1600
1872
1310
2955
277
834
556
3508
2629
3001
2061
2143
2784
1515
1502
3295
2276
25
1
1188
2136
1520
628
3352
1839
695
334
3553
2836
592
2757
677
2826
2369
3354
3519
1322
70
2371
1996
3117
1707
1145
1978
1711
2474
36
1007
3164
27
1623
3106
447
2728
293
1773
34
2455
3159
2375
1596
1621
2811
688
110
1874
588
1327
2703
623
3269
2708
672
1620
585
2313
24
486
1107
3230
1174
2158
3111
2068
937
974
2374
2344
3238
3440
2133
1430
3211
1235
3241
1127
291
925
2781
1204
1885
2239
2632
2881
3155
3288
196
1714
1339
2785
1088
700
1913
1627
2441
1402
1093
338
1530
2852
313
3165
2886
2599
1344
658
2144
2218
529
2806
2084
2383
2179
3392
1875
2733
2380
1149
844
2021
3475
1247
1220
2904
2812
2339
2275
3207
540
8
1285
500
2618
1863
53
1765
2245
115
2972
237
3272
3386
739
1581
153
934
1079
169
897
2877
340
3150
1296
354
940
1250
202
1172
2180
3429
2066
336
1871
2601
88
3222
1736
2834
674
2221
2
769
1267
2488
2314
1278
428
241
1387
2848
1281
1990
2624
2062
2070
654
3401
1224
104
2661
2880
1431
32
942
3069
2322
2850
1391
1986
2241
2219
2155
3299
2022
2764
1630
536
3491
1141
1831
2873
562
917
2670
1584
456
184
2869
1300
1142
1845
2750
3215
2148
156
1389
919
2509
3087
498
535
1303
1705
3369
1486
3374
2571
2317
673
3483
440
1537
2090
1789
955
191
1197
1064
2003
906
3486
1394
3419
2510
163
2777
1098
2368
44
3047
3107
2595
590
1738
166
1251
1458
3282
145
462
426
771
1782
2096
3456
3393
1419
1744
886
3
2459
2968
1081
68
2507
3210
541
2588
3323
478
55
2963
114
736
1769
659
2832
176
2230
2438
661
2164
2802
1927
1801
310
2665
3057
1619
2443
2248
3371
2215
1776
2025
2565
2499
379
1651
2106
914
845
2587
3421
409
3045
2865
2906
1919
3528
484
1617
1205
175
1893
2815
3495
3143
1199
2932
2630
206
2176
1346
761
1995
768
3145
1453
1369
1121
1212
1583
1834
706
3280
2681
343
1938
239
2604
1673
1933
1043
3112
1316
1911
1254
188
2216
1804
181
2679
1899
2576
2971
2309
2700
667
3296
1059
1035
2486
3446
2116
1096
3471
1980
1424
1709
1539
391
3240
1772
3320
1856
548
3065
1366
1275
1435
2302
1697
3260
1761
691
2005
891
1628
78
1969
3504
2688
2709
2580
117
1529
2431
1194
1069
889
1312
1416
1567
3138
2487
3228
1693
3257
1523
1056
2792
1324
3365
2293
3402
3435
1443
337
3077
3459
766
3407
1070
935
108
1072
3217
1284
2944
381
1684
2057
1921
302
846
3011
2663
657
687
1924
2926
1217
2363
69
1447
1122
2069
2858
2243
2043
647
1741
2163
3132
83
2979
715
1095
91
1998
2690
2088
2392
3532
2585
2382
2367
402
2120
2713
2330
3385
2328
765
2135
2533
1635
26
2817
2947
2984
2121
2577
2315
3273
652
2496
1260
2326
3088
2209
2316
2868
3341
1272
3344
3192
2737
1055
1196
1735
724
2725
2484
1372
3066
1603
195
2962
2862
1506
305
2228
436
1545
1012
2468
165
1629
1164
1293
3409
3388
1883
901
1553
655
2168
962
3142
3500
98
3056
2934
3548
1076
1239
