1672
2562
2659
1247
1826
473
413
1416
2069
852
894
387
1445
2650
117
951
2203
339
3298
1722
3480
1962
2834
1253
2421
1043
1888
1041
2362
2036
3170
3106
2172
1439
1093
3518
1902
1689
1215
1252
587
1238
2317
1098
3419
1842
795
1058
2584
604
2545
2826
1724
1727
869
261
2058
2795
3021
2950
3440
2983
3150
1652
1314
1237
2720
335
359
1787
2877
2511
3402
1086
2503
614
2635
462
1666
2919
2948
2787
3310
384
78
202
3065
538
1721
3155
2174
752
2132
1336
3238
2429
1990
3466
3320
566
2935
670
243
3503
1750
3189
2006
3384
297
872
285
2107
130
1146
1909
2342
1955
2251
299
74
2436
1124
3209
3504
991
2555
525
2821
932
107
2432
2479
2391
475
1131
2345
2148
2014
2676
2025
1651
1679
1361
1031
1521
1133
627
1384
1225
2097
2914
2188
2815
799
3207
3109
274
2814
539
1308
3176
2764
1670
981
66
1243
1224
2824
968
2351
1430
1414
3393
943
342
1911
250
2459
1606
986
428
2248
96
674
314
358
338
2893
1354
1223
2612
1863
679
2283
2294
3102
2105
180
2623
942
2863
1458
521
1977
20
2062
1509
2193
3312
686
2330
3530
2177
1359
954
626
1483
2698
3158
3166
3077
1975
1849
665
1764
3336
1840
2889
1396
2664
2309
393
3428
1246
219
432
2042
491
867
1821
58
2548
3152
1769
3445
2610
1202
2381
2197
2707
1158
3041
2122
264
2582
1719
588
1588
770
1963
1683
1369
3044
2471
3220
1178
3286
1861
3479
2627
876
377
1954
2906
399
2856
2865
2646
1322
251
3388
170
2626
1900
3488
802
2581
3509
2669
809
1207
2890
1017
2453
3308
155
2873
1851
2346
1499
2208
2813
1667
127
1424
600
2478
1687
2183
1958
474
897
1136
1638
729
1992
828
2689
1083
1886
2153
1034
731
1716
2343
3332
2009
2965
567
2773
1267
381
3403
2973
2266
2501
1620
813
2475
3472
2976
815
1891
3540
3348
2090
1392
1783
2254
214
1074
3140
801
744
3027
2438
1918
3132
1433
175
2141
3128
3295
2924
1784
2611
2063
1623
2181
1190
1427
563
2318
435
2739
909
1926
1467
198
3439
658
979
2264
195
1986
516
526
3235
1245
2064
1970
3522
1366
3017
1885
3255
2353
1049
2797
1128
2
787
946
5
1491
3360
886
645
3240
1832
831
523
544
2059
2904
1690
320
967
1507
1847
2357
1664
329
417
0
2236
3277
3322
1079
651
236
749
1373
3134
1637
1464
1736
498
2469
2455
2785
1154
3306
2699
1169
1312
1860
1553
6
2440
1037
1765
725
2855
1658
1854
1277
2234
2754
3119
2605
1303
3437
1442
1892
106
511
308
2187
1347
3311
780
1511
1479
357
2144
1153
719
1529
3282
1728
1365
3001
438
1345
647
1648
2279
2848
1476
3162
1006
2776
1785
2725
1707
3304
1812
2339
318
2082
720
286
2743
252
3072
3545
2419
1061
2713
2801
253
2606
3441
659
1555
901
2591
1284
2505
1695
3046
736
1894
1335
989
1217
1471
3196
1481
2446
3081
2259
1934
3127
69
1067
2822
85
2975
2521
425
1313
367
1561
884
2077
3377
2230
3079
437
1227
2942
3543
1063
2448
1786
3372
561
2375
464
70
718
2278
2003
3294
3453
1808
773
444
812
624
1351
1056
540
3153
575
2223
247
1372
94
1326
121
3423
2757
2241
278
1693
1166
1629
3045
1951
454
1882
2383
3457
101
926
1496
1763
353
716
1825
1649
859
1817
619
1889
2998
2575
759
59
1054
2642
332
2290
1101
794
985
3054
712
32
2256
2398
2272
2233
3434
878
67
2239
352
73
2095
1111
1478
2449
3042
2663
2987
2116
763
2367
3269
3131
2386
2461
1213
1524
636
61
2949
883
1057
2600
1989
2344
1995
3413
1177
629
672
2024
1370
678
1385
341
389
233
2507
2051
747
465
2297
533
782
1953
868
1795
1208
1412
2128
1940
1050
863
79
791
3411
2441
1333
2407
847
199
152
993
2546
2697
555
754
1197
2888
2729
1514
3244
238
3010
390
2301
375
3121
258
891
1473
1457
3547
1294
1408
2960
344
2827
2315
2583
2944
471
2956
2170
1698
1106
2240
1221
3535
2900
1924
1857
1552
2731
3330
1475
1517
2925
3478
2402
300
2504
3012
488
2968
1268
2274
1718
502
1603
881
2336
2312
1194
3116
2601
364
1566
2021
2332
3446
391
3301
284
401
434
2892
3483
2502
550
551
3212
331
280
213
2839
282
1389
706
3350
3375
2670
1839
440
1823
1262
457
3285
2048
2130
204
1788
2513
2492
2644
2594
1802
3397
2609
2995
2488
1360
433
2988
68
38
2119
149
2528
1076
223
2399
1289
1845
618
1976
449
2483
2334
2231
807
1068
362
1871
1777
800
3290
2695
466
3259
1399
445
1733
602
1340
75
1038
2704
239
2185
543
1167
3073
330
2314
3242
3080
2842
1040
2004
376
1890
2648
2560
1425
3052
1794
2896
451
1270
2258
1109
2463
1996
616
1621
519
680
3465
2929
1450
3343
3262
271
1444
3203
1240
1199
2692
1497
242
1947
1540
2915
3463
2628
1608
1614
2974
537
2207
1813
2828
2271
1616
1836
662
2796
648
1286
3392
760
649
3276
940
2542
574
3325
814
652
2586
3328
1283
277
2816
1112
1342
1544
8
460
650
156
125
347
378
496
1404
2810
1441
2434
2385
788
1661
1635
1537
913
1520
1259
2982
3103
60
2217
3125
2694
3391
2404
2735
348
2715
1897
3087
965
753
1119
581
2408
2487
2639
1822
1341
2409
2981
3074
1013
1624
1071
3498
2412
2553
1556
2574
1274
1593
3523
944
3288
1311
2380
2515
217
917
3129
3169
2844
2015
973
455
328
2614
3067
3013
2055
3192
1790
1587
1598
372
2460
33
248
2080
2945
608
2561
240
2881
1346
535
821
630
1130
3284
657
2681
1921
1302
861
1394
254
355
2114
1723
2838
1469
313
1994
620
126
1539
3370
1290
319
1287
1835
1164
2637
3520
1710
191
1535
1470
2782
1631
699
2452
1120
50
1549
1431
3531
1884
667
2672
153
267
1271
2358
1138
2465
1185
1696
1421
1853
3492
336
939
2152
3018
168
2164
707
578
2377
2326
905
1952
3201
663
2902
1563
1964
3008
88
735
3323
2535
1896
145
159
2214
1241
48
2126
2920
2374
606
1480
504
2140
2007
2154
631
2655
1925
383
164
3280
2115
2619
3224
1559
443
2091
3430
803
1646
3470
3321
2470
373
3365
2840
441
385
1157
573
1605
1735
958
3049
758
1443
1936
922
2220
743
1745
3033
1319
3056
2430
2226
1815
167
1132
1656
2905
158
3501
1193
2551
2517
1752
1127
2811
1391
1344
1772
1567
398
1757
3305
1971
1523
1907
2018
1681
1915
2213
1583
579
2990
2556
2675
2284
1766
1172
1375
1701
1562
2060
960
840
2750
2247
1852
756
3354
1310
2554
3268
846
2418
1244
2802
2052
2331
1505
1350
1586
2322
823
3213
2947
546
296
2516
890
3031
564
1937
1935
95
1170
1604
84
2741
1299
1103
1913
3526
9
1216
436
2871
2538
673
2045
1397
1055
2760
3427
2147
3278
1102
3331
1329
2977
1762
1533
2603
1844
2621
3272
2727
3163
3096
370
1744
1455
655
2532
2862
2189
3185
1020
938
1878
1754
790
133
1052
2117
2281
2884
675
1248
3110
1405
2056
959
1104
450
185
1768
303
2335
1967
1256
137
1804
1099
1978
3500
3225
374
2094
1880
481
2537
1905
2680
742
1780
2912
3468
56
495
2789
2691
1008
2622
3464
2275
1343
3234
3333
148
3314
1025
839
3401
3141
2951
494
2480
3107
785
3004
3490
3099
257
476
3533
1655
1381
81
1761
2992
1530
1032
2593
415
2587
3047
2321
1663
3135
1255
900
1922
1114
2913
3422
851
3020
857
1487
3390
1506
1609
2853
302
875
478
1856
1639
2092
2526
2146
2598
44
764
52
935
3382
2457
2415
3059
628
2221
1295
871
337
4
448
2523
1353
2685
997
1398
3101
2943
584
1577
172
2712
3085
356
3005
1407
3051
2775
907
394
3307
2770
2578
1220
1044
288
682
2588
177
1883
3356
1080
1619
1538
366
3214
2661
1116
507
952
517
3420
2641
2798
2431
2861
1231
3454
231
1163
2955
963
1291
116
1364
1323
1876
3226
855
3313
2868
1546
2210
709
2872
3217
276
3528
1232
2038
3300
1155
1748
2922
2047
196
1011
1140
1028
179
325
21
1694
1406
3517
635
3316
192
1983
2705
311
1269
480
1908
57
1881
1557
2629
2599
692
1565
2730
1834
142
1258
1084
461
224
594
2809
2034
2710
2569
1779
850
885
1636
3438
697
1502
3211
1720
1550
1388
1495
2029
2970
146
1324
1796
2964
2149
1356
623
1030
410
2557
1374
3448
3251
2683
2349
603
1003
1713
893
1010
122
1585
3473
259
3111
2250
607
3043
388
2666
2490
2818
3187
2255
1263
2089
3191
1715
896
3229
1386
3302
2046
35
3230
2135
1734
1939
3154
1799
2572
2473
1260
2001
2354
1730
104
1704
2742
1257
1571
184
453
1742
3233
3105
1173
2793
291
2123
1738
1933
2777
2392
2674
2112
3467
1432
2498
2405
3368
1334
210
2168
2228
2388
203
2716
1180
1973
2864
2860
2458
211
966
2957
844
3315
128
2109
237
2010
553
232
1659
2769
514
2013
1551
2762
3165
1018
1627
2544
483
1697
1409
1029
2937
3028
1108
283
1141
2041
2509
945
906
2866
1206
2289
2027
2615
380
1591
2607
1121
1415
1809
2320
1879
1626
2536
3406
3394
864
609
3252
2108
2102
1641
1987
528
2636
1575
1595
2567
2420
1543
2843
1060
2222
1901
1379
2493
1376
2269
3400
2163
1864
2841
870
2939
1352
422
326
849
1622
134
3136
2688
3160
3181
3063
2806
2288
3494
589
3036
1488
1678
1438
1192
556
2305
3429
1254
3383
964
2472
160
2738
2054
3532
841
467
27
1265
2624
3484
2656
2159
3026
2364
2804
346
2044
1558
856
2966
200
1148
2103
1498
1456
955
1275
3425
1703
3208
419
2298
3117
2499
914
2215
3159
3376
3334
2065
18
1981
2413
2076
3000
512
293
16
3030
2348
2106
1866
2227
2772
2859
2643
2023
3019
2400
1927
2812
395
976
3090
2580
1756
634
2363
1175
1806
2540
102
610
990
2647
625
1042
2774
605
996
2406
2307
1026
171
978
468
360
37
1330
3050
2909
1363
1189
2508
1152
793
937
529
2316
2895
2310
397
751
1831
1486
2329
2573
486
2534
820
711
2596
1235
3239
207
2886
1187
1917
3539
2277
169
1309
1331
1203
1332
39
3025
565
2878
3164
1449
2235
2726
3506
3481
2482
1072
558
3340
3371
3361
499
3022
2690
1584
2246
477
109
2166
2253
497
2933
186
740
569
2820
536
509
2304
1898
3149
2539
1293
2759
2709
3374
641
1492
3177
1965
2962
685
2150
3218
1945
1380
2352
1972
700
2093
368
2257
2484
2786
1677
2752
2229
143
1073
2857
924
3032
2883
349
2050
1726
2898
1838
1974
1001
1568
3386
1171
2325
2360
734
1204
666
2467
205
3551
2633
503
36
2066
2145
162
1306
1877
3418
3550
843
3442
439
3249
3510
653
3178
3245
350
786
2566
2031
1743
2313
848
2696
2737
1948
3293
1296
1219
2216
3122
30
2510
1110
1453
2414
2829
548
447
2437
1739
830
3202
2444
2079
2369
1477
2638
3256
1998
201
2941
2921
3182
3138
3432
580
781
1400
3275
3076
2858
229
3084
3303
246
1100
912
3124
3452
418
1021
2867
916
2784
2870
492
1002
2817
1004
677
2721
1573
485
1818
1941
42
2033
1126
1592
728
552
1855
361
3273
919
1778
2748
1348
90
2833
2993
1685
882
2531
1610
3477
2959
2142
1410
245
2908
2356
2232
55
3358
3324
1676
1504
1059
1494
1429
3349
1865
1081
2496
2211
1579
1419
1387
227
1522
1691
695
29
3536
3519
1903
290
1833
2845
2996
3139
3222
1653
2631
3223
1301
120
2687
218
3151
2244
379
975
1830
1797
2876
3460
2734
144
3023
984
3366
1508
3108
534
1618
2653
661
571
2196
3486
908
1706
2311
1078
3179
1150
1261
1613
1548
3407
1814
426
235
3048
2926
1000
255
3342
3541
597
2061
1709
105
2852
115
928
3088
2410
1092
1125
249
140
2096
1982
2779
2379
1285
1
2869
2078
111
2651
1633
3399
2137
1317
12
1367
1242
1956
112
1160
2113
806
3089
1617
208
3168
2938
343
2910
2180
2368
1134
1485
2792
541
2979
929
2668
3353
110
1176
721
3173
1916
3126
3091
2124
2323
369
3469
3142
1781
3115
64
3260
3513
2794
189
1862
1209
2138
2936
2543
1188
2155
1811
1741
3552
10
3417
98
2728
2846
1196
508
2447
2129
3516
3066
2285
382
1928
515
918
1873
1600
7
3006
3029
3296
836
880
899
3283
2740
279
1064
1820
1048
2595
3471
1033
2299
3250
147
62
505
2451
3326
28
404
2746
3461
427
1142
3456
3205
3097
2887
1647
2070
2287
2918
1278
3144
953
1474
1932
1179
531
1147
3014
3146
766
2157
2162
2899
3337
2971
1899
31
3449
582
2270
3451
363
522
3505
2026
2602
853
3071
1418
3482
3373
3243
