34
97
850
3097
2425
211
2008
1847
3245
1616
2144
1430
806
3413
1849
328
3026
47
369
338
3121
296
174
2063
1308
2401
3008
1099
2842
1779
622
3092
379
525
1709
717
2852
205
3326
2853
1427
2890
335
2580
670
3403
2906
1631
193
552
249
2058
931
104
3324
2968
2108
3042
255
2336
1461
995
2327
411
1989
654
1890
918
2057
120
2088
14
1289
2377
814
1271
1939
1787
2682
133
1494
2195
802
2458
653
663
2699
3250
831
219
451
1539
2733
201
692
1600
1716
2237
1952
2824
2632
3263
2340
1530
1212
435
478
882
2620
344
2496
1614
2627
900
284
1361
3339
2182
434
3259
959
2432
2866
124
633
2046
3067
2612
2626
1585
3025
901
2281
156
367
3424
3346
618
1221
387
2707
981
1729
676
808
716
1774
2289
2284
923
2708
1919
1680
111
3254
1665
289
131
3487
2145
582
591
266
840
267
1583
2813
748
2919
1318
3334
372
3542
3064
1923
1775
403
2945
2183
1895
969
2020
2977
2332
420
511
2084
348
1047
2445
559
1501
2828
2293
2739
3134
1795
1090
1283
2712
347
554
45
3053
759
2204
3517
557
752
2363
2577
108
2547
3514
3049
2659
2542
1246
21
3011
1848
2254
288
860
2366
2616
2137
425
163
135
2914
3421
661
2506
2944
843
1647
675
3293
2844
3498
3273
893
3238
125
3249
1320
3495
3427
1597
895
2348
1868
1523
1998
2827
363
3014
377
183
2923
2356
2261
1057
1524
2749
2226
1550
1332
2539
212
3252
1670
2278
1019
1060
1466
1772
2554
3340
2995
1440
879
5
2337
1858
951
737
2970
51
767
1059
1351
307
2726
2560
37
2262
724
269
3400
2509
171
1999
2040
176
816
482
625
537
985
1272
3089
1664
1100
2238
547
2911
993
1058
1471
986
3027
2957
696
2581
2456
1554
2227
1072
432
3267
241
3290
2037
2011
2165
294
2270
1277
2087
3109
703
2881
102
1263
873
3423
805
1279
1838
551
3372
3439
1719
1813
1013
1329
810
736
601
917
275
1462
1921
960
2642
2984
1982
1527
2602
2353
1640
680
3137
459
1725
1682
3096
2306
1009
285
3258
2224
2847
855
1425
1097
2210
2721
2700
1590
2717
371
1203
2558
2706
637
1051
1844
1508
2610
2582
350
2292
1229
3360
2064
2437
1836
336
2608
1542
750
1827
2924
286
2309
1012
142
25
2096
1668
2939
383
994
259
3133
2497
835
2465
3509
2491
2941
2441
231
2701
2644
2395
1691
513
2397
2173
1948
412
1313
1862
997
2468
2357
2500
1642
2579
1352
1512
306
2837
1070
3362
3373
54
408
1299
468
2540
30
2903
78
40
522
1734
2825
892
1602
2878
776
877
906
2231
3090
728
2321
1623
414
2816
978
150
3442
1850
1356
2588
3484
1934
1615
2734
2282
271
2423
2055
2614
3128
713
772
1936
3503
3500
175
807
890
64
2722
2347
2050
1259
1553
2933
2266
391
732
957
1454
733
3511
1200
172
583
129
575
2079
3009
984
339
165
1257
1218
818
3406
0
2427
2298
418
220
937
311
2031
581
2502
2973
208
1022
2039
2052
1230
1217
2177
1940
740
2424
852
2194
327
167
1088
1480
39
3101
2025
2419
303
1818
708
1042
2541
1526
2737
2407
695
1078
2894
1617
1978
2992
3050
826
32
1887
1900
106
669
1555
2526
291
2185
775
26
2671
1336
1639
2589
2584
838
3496
1505
2629
674
359
1990
149
2265
1519
620
1955
1316
3256
1976
1863
1986
604
3488
1985
1214
856
1357
1536
3069
1689
2422
2077
155
376
1552
690
973
1744
2887
3031
3068
2032
287
317
3029
857
1517
409
1625
3063
465
246
861
229
1819
3352
1243
2746
2949
1967
2818
16
1996
3236
3239
1671
274
1260
2181
791
3399
521
668
1743
3006
394
2361
463
1074
1747
1420
2603
84
1514
316
1720
2378
209
1964
1622
1707
2016
747
1599
1358
3147
1920
24
443
1872
2931
2635
2167
1000
2215
1932
1604
2958
1981
50
3335
1250
2613
1634
2831
1011
28
3481
88
2015
341
3272
1975
1055
968
1540
3071
2443
2882
878
293
2223
407
1907
2190
2362
2873
977
832
53
1533
397
506
389
3038
18
2328
2643
1648
3032
2686
1027
2698
2741
1619
528
3292
375
2089
2963
112
3414
568
3262
3240
577
2982
2045
380
1655
933
1278
2711
529
638
1080
67
80
41
3091
756
683
261
1611
3513
1856
1496
1489
2283
2310
3107
1956
1350
1287
122
1463
3286
1701
2536
181
74
1249
48
2078
2420
621
837
2000
2969
2865
797
2511
2618
2023
3336
3257
2206
2823
270
240
2848
2849
223
872
2335
585
454
3416
1941
1092
299
2723
1595
2245
623
134
1248
3110
2597
2650
2677
2915
2157
905
701
1780
3
278
2974
1233
784
2839
914
641
562
2264
920
2331
2669
324
1484
2092
2840
579
1293
218
2398
1285
3549
605
2909
2692
2523
704
71
1957
2371
1935
3072
2745
841
3260
2396
1829
617
603
515
109
1228
1959
1851
3060
1270
162
2966
1018
395
1812
2408
1488
2921
2565
1417
117
2516
2638
2876
3028
2007
1226
2161
2676
697
2286
2469
3136
1007
3018
1644
210
1041
913
842
2314
2912
1419
642
1031
584
118
136
430
516
757
1852
865
853
1429
595
871
3437
280
1531
2462
909
777
15
2440
3081
474
3276
845
2027
87
1087
1737
2935
1102
477
2252
79
2104
2256
1267
2875
157
422
1455
1902
1470
1584
630
2344
651
2868
2985
190
2955
7
2316
545
1343
1020
1305
2056
1291
3412
90
2277
739
3354
3126
2225
214
587
283
1089
3135
624
1062
1110
2514
1706
2342
382
2042
2858
1881
1201
121
1529
1918
1968
2435
1700
2318
345
2674
3363
1606
475
2453
448
2166
2374
215
2532
2068
719
378
2480
1972
310
3044
184
2467
2028
1513
839
1317
798
2859
2499
2522
629
1239
2918
115
1746
2436
753
2856
2135
2563
1715
2234
2482
302
2474
1663
769
1298
770
2997
677
1992
2349
1518
1788
3489
1624
1349
449
2048
233
3274
2090
990
1282
2322
962
2235
1637
2095
3330
1837
1338
1304
3015
1306
804
983
442
301
2093
685
2014
2730
834
3436
1804
2325
2738
410
3055
725
29
2034
643
2208
3426
1209
3491
1896
707
10
2470
1598
948
2279
2172
2648
44
1284
1297
2368
1869
2696
743
3268
3341
1857
2854
3003
1855
2628
2006
402
364
2549
3434
2664
3077
2815
1714
1234
2188
500
965
399
2442
3047
858
19
1275
824
457
3343
3432
550
1543
1432
1632
406
247
2271
1274
590
785
2932
2260
2267
723
1213
1814
844
277
3244
3021
825
3034
1309
33
4
1516
3065
3431
1798
1962
314
2559
495
1797
1311
3482
1735
1692
2624
2178
2005
248
438
2205
2905
1286
1319
1227
897
1645
2592
934
1995
400
862
2927
2889
2326
613
2488
2296
1052
760
771
1244
1538
3546
99
2479
1742
3356
1487
1822
524
2248
634
2421
1557
2548
3235
2272
2199
2251
718
2862
236
82
1510
2201
467
1789
3545
1029
2047
3355
12
1894
1247
1235
3140
368
1864
774
1290
2633
910
2428
3019
1587
2490
2457
2942
3046
886
3518
390
803
1424
1679
471
244
578
1840
1075
2732
168
2607
3275
3145
1879
3234
2081
1892
2323
2885
329
2288
2365
1810
1993
738
437
3087
1951
320
1254
2962
1556
2152
2820
940
1457
2411
1867
1359
460
903
253
3510
146
140
2176
415
1014
2044
639
3279
542
3331
2636
953
1699
188
2647
3094
2639
2534
2477
3357
3501
935
1333
334
2976
2533
1049
799
2426
780
2429
2743
1825
2555
2537
1521
1884
2512
1694
2136
257
1551
3351
1023
3428
388
3543
508
540
272
1650
3419
1823
1326
2163
2742
2564
929
3361
3418
1588
91
404
2857
358
955
239
1061
2519
1459
2350
1028
3284
3344
2631
1661
3095
2285
2313
3083
1702
628
2447
820
666
1499
1339
2693
295
147
2999
353
94
729
42
1258
1947
699
1807
3001
23
755
493
1511
126
726
3506
1341
3504
1223
2033
1785
2817
250
2041
796
3277
113
2836
2036
2463
2675
3327
200
548
2444
908
1942
27
3325
56
688
254
2680
282
1498
781
313
237
1237
2713
2691
502
1474
199
766
2838
187
2415
512
888
971
2153
72
2606
793
930
2524
2681
1077
2814
2552
3119
1826
3243
1723
2704
2731
2652
3516
2948
2275
1669
1871
2715
1467
2517
472
1094
866
138
3291
648
2863
2819
230
1240
597
1335
727
1025
1697
2413
2198
2276
436
610
2646
2434
3364
2576
961
3368
2505
1660
1015
2360
1909
2221
105
1809
2653
3420
194
1206
1255
2913
1482
1231
456
498
1327
1426
3522
469
1348
1977
1839
3246
2389
2213
2599
996
762
1220
2869
3114
2575
3123
988
919
3281
745
2990
2727
2164
189
1328
332
3285
224
588
1994
876
711
3007
151
76
458
2191
2845
592
868
1703
709
3016
3004
1222
735
2189
2720
1040
2155
792
720
800
1491
2373
694
2369
2180
1452
3435
490
3033
1205
46
2507
2416
166
758
2402
1355
2391
2936
649
426
1658
2085
251
1633
2211
686
2106
700
258
2668
2851
2986
3120
2382
2656
2239
1537
1911
419
2666
979
177
599
691
1532
2017
2459
2688
1888
1507
308
1321
1302
2922
2975
848
2388
819
352
3348
671
195
1003
75
572
2471
1873
2192
319
489
3266
232
947
564
198
619
1736
1416
2971
386
1833
3078
2141
2484
446
2551
1727
1906
2387
867
2518
2953
3544
830
538
1778
1469
1001
362
915
520
143
3022
2525
3287
2160
68
3148
2864
1681
1801
1711
549
1821
970
1541
3020
488
2740
1296
393
323
3350
3440
3058
398
2655
3429
2146
1256
1791
2308
2438
1325
631
3079
3075
2841
1547
509
1876
2978
1236
2404
596
3365
3425
1269
1781
1204
1438
2665
433
1938
331
1046
1252
2870
1641
2867
1503
2940
1515
66
2158
1931
1820
2683
2341
561
1627
1453
2623
1032
966
1831
281
304
1726
2320
3062
2504
361
1447
110
812
2617
1609
2687
2983
606
3410
2393
2280
2171
744
1016
3371
2083
1008
2578
1091
1830
3074
3255
2598
2451
3000
1280
479
3054
1048
492
2843
2605
182
1783
2892
526
2399
1281
17
2583
1636
116
1659
1891
1535
1673
1792
1786
1458
3247
1347
2105
1056
938
2728
2184
1988
2670
3269
1324
2667
197
1713
3106
2258
1439
1635
1211
3102
563
96
2220
2147
2111
2212
3492
1421
2071
614
396
114
1086
3366
1362
1889
1050
1950
693
2886
444
541
778
1926
790
2604
101
1021
531
1927
3347
553
2232
2175
883
2979
1594
1960
2156
656
1944
128
3265
1897
3411
1315
3375
2895
413
1294
646
3082
898
2075
6
2247
544
1878
1081
1945
1882
1915
2102
1841
1651
1065
370
2253
2390
2487
2833
81
2107
880
2250
1718
1337
2716
2061
2076
3367
343
340
423
2744
1676
83
60
505
846
2294
3070
657
2994
3477
822
2928
902
2097
52
2290
203
3349
3328
2100
602
789
356
2709
3111
682
1460
3353
1490
2492
658
2672
1803
1434
2101
1030
1613
2379
3289
1353
650
3333
928
1334
1687
