2701
1571
3375
768
2442
3331
2634
3300
2743
1743
3218
2523
2467
1178
1618
1526
1705
1683
871
2572
2412
572
1443
678
2358
3305
3372
649
3219
2513
2487
3164
3105
628
3464
1043
1667
1761
2683
1953
3149
963
2561
647
1581
924
3223
1098
547
2605
2437
3410
765
3200
771
2510
663
2752
3320
3144
1111
3148
660
3251
3307
750
3434
1662
1628
1935
3487
1473
2611
2792
2452
1892
1750
1158
1493
3177
995
1793
483
2025
554
2059
2679
1700
562
1692
1801
2319
2273
3151
835
3386
1459
1179
2771
1455
525
1405
3263
2430
2060
475
709
561
980
2603
2521
1189
2537
1498
2074
1096
3302
2560
1566
3203
755
2328
1822
845
1495
1457
3093
1931
786
2124
1062
1996
512
2439
1693
1057
2305
1937
2323
3384
3125
2464
789
1033
843
3113
632
1789
1888
1507
3340
2052
1831
1368
1684
3255
1414
2296
1175
502
1055
1623
3158
1610
3491
2661
2100
2631
2416
1899
784
1830
844
2008
1478
1886
2579
1681
2315
1635
2522
751
1608
2082
3371
555
2803
3116
851
2776
842
3451
885
2576
3167
1568
2266
1769
2660
1146
1112
3060
2111
2689
2469
2783
888
2753
2535
966
1679
1481
2347
1909
916
3313
1590
1561
2678
482
2664
2456
1156
1560
3085
3086
1586
3083
3385
1872
1176
775
667
646
1798
3111
876
869
3080
1432
2676
2571
3437
1877
926
748
3222
2486
3240
2362
2101
2370
3045
797
2330
1938
1496
3290
2069
1714
3233
2659
530
847
1462
3376
1396
3490
626
625
1373
879
580
2597
1105
1363
849
1634
2444
1763
894
889
1505
1754
1762
3486
852
3452
1612
2068
3224
2045
1177
1615
3494
777
1035
2775
2451
1425
1108
726
1661
1504
1607
679
2465
2317
1067
2046
1148
2680
3207
1464
3049
1879
2797
1417
2269
2062
1870
1001
735
1997
3390
2468
2422
1475
549
1751
2711
2001
2113
2267
1713
3193
1169
1506
3541
3498
2690
985
3155
2583
638
1710
2419
659
1041
2015
3157
2587
1518
2096
1790
2028
1372
568
3244
1562
2604
3337
2022
1026
2414
2017
3346
1428
2030
508
1047
533
3281
2274
1922
636
1494
1797
1401
3052
713
3212
1819
2635
766
2811
2118
1061
1755
2443
2429
3441
1083
3141
3459
1456
2514
1171
1036
2506
2478
481
2779
3162
2365
2457
1550
507
2532
1902
3458
3295
746
2294
2072
2758
1928
3186
1905
3057
967
3100
3259
2564
840
1379
3217
2065
1053
839
3533
2331
528
1553
3173
2029
778
1367
488
2749
3344
740
762
2292
503
1900
2717
1956
3469
2050
2770
633
3088
720
2590
2351
1500
1458
2584
1952
872
2466
2304
756
2536
908
1395
1695
2470
1626
2757
3495
725
2306
3059
2682
1687
1622
2426
3064
3176
643
3107
1942
3456
1884
664
1410
1525
2781
3066
2361
1688
1584
2565
3467
2056
573
962
1173
737
951
2098
1032
3336
1149
1161
1101
2806
3468
2110
1950
950
1489
2691
1913
1371
1477
2109
850
2789
1433
2134
2449
1592
652
2674
3062
500
639
1151
727
1675
2705
2427
921
2120
2271
2311
2766
764
1199
1174
1444
946
1480
3241
1708
758
2511
1593
1749
3342
2264
623
866
3293
1143
2578
1513
1638
2471
1619
630
3234
853
1435
2301
2594
3254
923
3109
2704
1381
2533
1957
517
2303
1063
1939
2662
557
1431
1386
956
1910
1806
2794
1099
560
2669
1885
627
3171
1528
496
3488
1706
2007
1389
988
3499
3161
2508
3395
2599
574
846
2122
3094
1772
2686
2671
2268
3299
3447
2023
2067
1925
505
1825
1810
621
953
2262
2568
1787
1617
1785
1512
1596
506
2608
504
3090
3237
1042
2126
480
1936
2032
497
1766
2575
1502
2520
1948
1753
1947
2610
3096
2123
779
2356
1768
3262
2505
867
2308
1940
2350
1570
1413
724
1707
1890
1476
712
1102
3122
1002
2658
834
3493
1685
688
1834
2011
3061
3051
2802
1620
1579
2517
3279
1366
2793
620
1082
2570
1809
1752
3308
1945
2355
1632
1463
2020
2475
3179
1409
631
1159
3292
2598
2431
2692
3199
615
2760
1551
2003
578
987
570
728
3304
1467
1565
3248
1037
1680
1906
1426
1588
1423
3056
1198
1876
1034
1625
2700
2807
2461
2566
1919
1933
501
745
1470
1574
2316
1759
2314
2321
3334
2481
1636
2104
1663
3403
474
3399
1795
2313
3138
1946
947
2673
551
2112
1883
2424
1669
1145
3402
1894
1392
1880
2694
3054
2777
3172
1901
1153
1630
3169
864
683
2687
2746
2441
2677
1770
2462
2790
774
1418
522
1828
3317
2080
1420
3312
919
1990
3315
2000
1671
686
3156
1893
493
3110
1606
1704
2324
1165
954
1771
1572
1792
575
1881
2483
579
1076
2417
556
3153
2460
1993
2425
2299
2685
2026
514
3466
2117
680
1183
1429
1064
1745
494
890
2368
716
2573
3185
3552
3231
3123
1744
893
2761
1591
2276
3184
2534
2801
3339
2577
565
2300
2472
3166
3047
1404
790
1065
3095
3283
1871
513
2707
559
2672
552
1399
1066
2699
2708
1488
1049
1170
2688
3492
2048
2718
1529
3301
2125
2116
2713
1699
685
1517
1613
1442
2053
997
3333
1873
1510
2352
1549
1576
2077
1682
1421
477
2612
499
978
1415
2108
1397
2809
1519
1394
3220
1796
2004
657
2033
965
1874
614
3079
2706
1802
717
795
2754
2073
524
1690
2327
2778
2588
3327
489
2524
918
855
2357
666
2354
3150
3260
2474
1440
1168
1605
1869
1100
711
1951
1629
3048
1412
2078
2782
3343
511
3147
1468
1077
1912
776
3322
2133
1583
2275
920
3435
3121
859
1934
558
492
1783
2528
1896
793
1794
1992
3201
1040
2602
3553
1378
1184
2569
3496
1406
2131
1826
2436
1439
2740
2097
861
1895
763
1949
2463
1668
2675
2527
2270
1791
2627
1887
3532
566
3246
2021
3335
3046
3461
2428
2772
2759
958
1364
2063
3253
618
521
3124
2418
1889
1197
1180
1005
3449
875
1374
1709
687
3044
915
531
1436
3444
2455
2075
3204
2592
1567
1383
1400
719
1921
637
641
1503
2515
3228
3374
1508
1497
1927
1147
532
3187
1095
2325
2049
1674
1924
979
1185
1573
3261
3159
862
1832
3063
1466
2434
2574
576
1188
1073
1384
2333
3053
2132
2016
891
2447
1917
2593
1369
1157
2765
1454
2479
2525
2663
992
1756
1882
3460
3526
3341
3282
1991
1564
1152
3145
490
3442
498
1758
3309
1004
2626
491
981
3392
1515
2786
3450
1686
722
2420
691
479
1776
1712
3242
1932
1511
1666
655
983
3225
868
1915
661
1052
1930
2710
2369
2773
2720
3106
3230
2504
757
769
1659
3540
2031
1702
1815
2329
2261
1085
3318
865
478
1030
3287
2559
1777
2057
516
2005
780
1438
3407
715
2119
1813
1154
3497
773
1774
2320
1187
1580
761
3139
747
2747
1196
781
2349
877
692
2519
1803
1814
2128
2665
854
2433
644
2795
510
732
3321
613
3190
1711
2721
760
3191
949
1514
1611
3213
1058
1995
3377
2024
3202
1172
3142
986
2423
689
2763
2482
616
1811
1631
873
1999
1059
770
519
2799
863
1437
2531
733
2058
3215
3192
3314
2748
2322
2103
913
1678
2473
2421
1530
1891
1186
2371
3398
841
990
1075
682
2526
1424
2742
2596
857
3455
836
1516
3140
2696
1821
1563
3112
2458
1403
569
656
3405
1689
2297
3396
577
1104
883
1697
2529
1070
2684
3247
3296
1677
2353
989
1748
1943
1190
2115
645
3050
3081
721
3551
882
991
2047
1587
690
723
635
2628
2750
964
2586
984
681
2114
1407
1370
838
3118
742
2083
3183
2432
1665
2585
2366
2445
2302
2697
2055
619
1048
3041
3114
476
2326
1958
2334
1760
960
1044
2518
3388
654
2415
1609
1903
1491
892
749
2632
3238
2070
874
1074
3065
718
1097
1522
2796
3078
1926
2051
1492
1548
783
1920
2265
3175
3250
837
870
1808
736
1003
3194
3208
1453
3221
1595
2018
3146
1633
1509
563
2459
880
1068
2295
3489
3409
3257
527
1698
3439
2702
3206
3284
1817
1916
753
1660
1998
2563
948
1556
3531
3345
1191
624
2606
3463
3143
1944
752
2530
1955
1696
2298
1025
1799
1594
910
2719
3189
2348
1402
3154
2453
2714
509
529
1441
3326
714
3055
1554
3289
3245
1559
1818
2476
3084
1029
3197
1823
1621
3264
2066
3103
3252
1773
1471
2800
734
1050
2010
1469
2780
3329
1746
2485
634
1829
2607
3381
2681
3382
3539
3216
3527
3174
1365
1028
653
2372
1805
743
1582
515
2009
629
3310
