3485
2968
3003
1608
1610
3076
2153
1193
149
1448
2843
1245
904
37
3041
951
3444
2671
2807
2373
1048
1473
2084
1618
1511
106
2400
1974
58
1646
2985
2044
2450
1913
1451
1880
2759
929
2586
3369
744
3099
2571
1282
139
497
1518
2119
758
827
2953
2676
3200
154
1177
3043
1947
1015
610
1012
2389
1772
2304
1289
794
570
1477
1520
3480
1806
792
1021
764
3265
2883
963
789
3223
2299
1353
3271
1427
3504
2587
1474
722
2731
28
599
746
1637
1156
3177
2689
934
1617
1775
3512
2184
1346
3042
2584
1090
2061
1431
2569
98
1200
1257
810
3072
2706
55
2553
3367
2610
1842
2279
2187
2679
480
1433
1965
2387
1980
2416
2762
2029
79
83
1398
2638
1879
1643
2392
2329
1279
2573
2666
2890
1009
968
76
2484
53
2908
1208
2013
562
2709
3015
126
2734
2191
1195
706
2280
2559
3455
617
1859
1781
2456
148
2341
1093
1844
1259
998
1776
595
1219
3273
2828
1170
1236
1023
3001
2151
1899
57
510
3166
1163
836
1901
2362
566
719
2880
3176
2564
3357
1810
1086
1627
1260
26
1159
522
1222
1789
1224
2556
844
597
4
1184
2754
161
2853
2821
799
537
564
3349
2282
2658
153
1792
516
2840
1907
820
563
1258
1502
637
2723
1493
1075
550
2265
2882
100
502
2669
2423
555
1648
104
3394
123
3065
3510
770
1528
2501
2309
1268
981
3321
2943
96
2048
3066
817
7
2894
2794
2639
3370
890
609
971
1653
2290
1717
3266
559
861
1846
1972
668
2021
2835
2934
2897
741
1496
574
2975
538
1153
2986
672
483
1471
2397
2052
832
1162
1494
1256
2382
11
3361
2245
1526
958
1205
1833
853
1032
40
2411
2413
1381
3514
1317
1297
41
2439
3528
1068
2054
1874
1220
808
1892
752
964
1420
962
824
1535
546
2534
2562
2839
204
1482
1727
1165
1958
2205
2932
1324
23
1083
3052
121
2726
1955
767
1188
1828
712
769
3378
2173
3094
1034
983
1006
830
2994
1963
495
519
960
2793
705
1228
3240
2873
819
2578
1639
2900
3054
1891
1950
1319
2123
5
2204
906
3275
1683
1292
3157
607
1320
505
2589
133
3149
600
732
2910
3258
994
1088
1605
3396
1186
1543
2611
1424
1022
2154
588
1094
2769
2718
3383
3362
1857
183
1052
2166
2088
3070
1897
1206
2715
3260
3382
189
1968
2243
3351
109
1841
1971
3241
1737
1595
3311
475
2891
1863
1313
2325
3392
2179
1189
2035
1805
194
3501
142
839
979
43
1978
1719
2841
2080
2901
1503
3193
967
1501
2817
1500
2837
601
3006
1946
3227
2655
3315
128
2708
782
1902
2997
773
1066
1740
658
772
3345
56
2034
2415
1748
536
1269
2969
2137
2144
1293
999
3067
611
1024
1854
608
2973
1894
72
2651
2020
3229
114
3317
674
1782
1233
2697
119
3010
667
582
1839
1078
2126
1684
1660
1312
2185
623
1654
2685
125
831
1911
2895
1667
976
506
842
2490
2292
2540
542
2527
2383
2297
2085
1656
163
1226
2017
1598
2834
2983
956
768
1209
3533
3050
2037
2719
1304
2420
3224
1152
1884
1315
1647
1799
1754
2489
1796
2661
3045
485
790
2155
63
2696
3479
3530
3482
2167
165
1615
1716
1144
2178
1606
2248
171
80
779
490
85
1849
2649
856
1756
2288
1271
2502
762
973
1490
2945
974
2485
3173
2848
2557
3268
1599
2551
1830
3360
2836
993
2576
2342
1385
1175
2545
3255
1953
1079
1014
29
665
900
2604
1636
560
3448
1201
1602
543
1403
1214
859
821
2996
662
1455
558
1043
970
1003
2670
624
1230
2644
2646
1285
561
2404
1383
3009
850
1443
1461
987
3237
1669
2736
2388
1671
3129
3089
1893
492
1439
2547
2302
2826
1904
776
2663
1726
116
2092
1484
1371
2094
1938
3183
1670
2067
2493
2427
3484
207
38
1510
1340
953
2949
1519
2613
2995
2406
2483
2463
2244
1421
2668
2603
1413
797
2152
651
2157
3191
3
2273
2957
1959
1376
1521
2987
2133
1238
2577
3350
745
3353
1855
2083
1882
2271
2673
1207
1769
2767
2770
2417
1760
2408
1867
2366
2939
882
2546
1868
2850
2950
2637
3393
1889
1242
2190
1492
1619
1456
2344
1342
2162
1091
2114
523
2359
1607
1940
2046
3047
843
474
78
3232
1498
3390
2859
3379
1363
2766
1149
3262
2729
1942
3467
1525
1814
2881
3194
481
2956
1881
572
2147
1339
2198
2660
1277
3443
1898
491
657
3319
2270
975
167
1029
1906
2403
1001
108
1731
811
1591
2432
1728
740
2128
3532
2909
1190
2795
2161
795
514
2381
54
1318
67
1096
2159
858
721
1793
2196
2142
3451
77
3551
6
69
1349
618
2239
3463
60
1087
1350
1876
1040
2326
2952
1391
1826
2582
1273
3125
1733
1203
2825
716
2462
3276
959
2112
200
1286
969
1322
2143
710
62
2132
2180
1172
2730
2829
878
3155
162
1426
1246
2486
2181
756
3264
3348
151
1758
1626
932
2056
896
1369
2498
2725
1457
2395
2972
120
2051
2285
3159
991
3447
2555
3377
208
2970
664
110
1531
202
1767
1795
1210
1017
2581
174
3135
1429
1862
2621
1780
2424
2849
2857
965
1840
954
2300
1858
2967
1725
2538
3068
3096
2398
568
621
641
1241
147
1724
801
1235
2422
20
521
739
172
2594
2595
630
2028
44
1010
1800
2036
2117
2999
894
30
2031
2410
1432
2927
170
1749
2418
1466
3073
1875
2907
2272
695
1944
730
2023
2274
1179
3168
775
1365
1020
1638
694
2066
3098
1634
2893
3318
1679
1299
2241
188
837
1896
1300
2563
3508
1850
3269
2428
3071
1485
2607
3152
743
2585
2203
2027
102
884
1720
1345
73
22
1761
2760
2409
3102
3537
1801
1422
512
3101
3154
3354
1176
2014
1644
18
1802
1674
2458
486
3055
1825
3352
577
2199
1308
3481
2488
146
2022
501
1715
1609
1623
2844
3192
3091
2525
2988
2678
2370
944
2266
1465
669
1593
2130
1154
1239
2574
101
1597
747
198
978
2524
557
2713
1372
2885
3056
579
1411
1632
1759
2832
2618
2121
1620
1011
3322
690
2822
926
834
736
1051
2548
2487
783
1374
3505
164
1307
1077
2077
1943
2425
2537
905
498
1941
2369
2163
569
532
1489
2368
3161
692
1169
899
478
2136
2763
2823
1508
129
487
2833
1532
3343
864
1788
1067
2575
2580
2733
766
1818
2139
807
1817
50
676
634
32
1294
1604
3355
3126
1970
1642
2200
3365
1735
1042
141
2327
1347
2360
1161
2656
628
2799
2583
1031
2267
3136
901
2396
2816
1650
1869
800
1986
984
2055
2032
3259
2951
1816
828
1835
1323
629
2804
2889
1338
1713
2371
761
3274
3464
1464
2177
2365
130
529
1370
728
1262
1187
742
3097
2721
2966
107
1732
3222
2690
2479
885
661
2075
2434
891
1437
1890
1047
1914
1690
1445
3231
89
2650
1712
1883
145
1249
2289
539
1407
2561
2674
1681
2202
848
2878
2232
3058
1663
2830
691
781
636
1151
3163
2393
2579
2896
3049
1018
2902
1621
1438
1718
2861
1084
727
2560
137
111
2652
1909
528
1080
2682
2194
489
525
1395
1428
1036
1945
3359
2942
1777
1687
3131
2146
2172
2938
589
2693
1314
2207
1250
2306
2981
1406
1182
1900
1378
81
3376
1392
1191
780
1276
2192
1283
3254
534
3197
127
3048
883
673
1290
1453
2874
942
42
593
633
2974
520
47
784
2567
2451
1480
655
755
1243
35
1812
2038
1807
2615
3277
2765
3012
3346
886
1887
1585
1028
46
1479
1601
3184
2492
2543
2186
2443
2337
2237
1773
544
3180
1843
1462
2819
581
1045
2449
1344
2797
504
493
2722
1797
1794
724
643
1939
1217
757
1449
656
1908
2082
3238
845
806
138
2033
1895
2481
1499
2171
2333
2264
786
1167
2691
2122
1160
2064
1475
2552
2681
652
552
1302
619
2454
3459
2045
1377
3388
2175
2330
2625
2899
642
1440
3075
517
2614
136
785
2339
1682
957
892
2414
847
753
2145
3100
1677
591
823
2125
2903
1039
1467
2278
1616
2590
71
2275
1984
190
2494
1419
1600
3134
2394
2246
3128
803
1458
1522
3364
3172
2694
1380
2620
84
1491
2053
187
3513
713
2806
2455
809
132
2402
1819
1263
140
185
714
3236
1675
729
2482
2624
2497
1316
33
1628
52
585
2380
2480
122
1847
2531
1973
2059
2528
3478
903
1985
1976
1506
157
2165
988
556
1049
3385
3267
654
2062
1295
1529
612
663
2808
855
2503
2688
1337
3446
2158
2558
152
2043
1631
2954
635
938
1822
2262
2240
511
3158
1851
3313
2025
1787
639
1442
2813
2170
1853
488
524
2188
1723
1303
494
596
2756
1809
1278
1434
1470
2461
105
2887
893
1517
2138
1763
3189
2345
1441
2824
2855
1774
2854
2616
3263
1388
2087
2208
2905
203
2433
25
3525
503
952
997
1166
2642
3090
2018
1310
1181
2335
545
734
1861
2752
1538
156
1640
3175
2149
1739
2496
620
1722
1649
3127
166
88
3527
1645
1625
3235
604
2888
196
3457
2331
3093
2195
74
2683
1291
709
1074
1721
928
907
1305
1227
2452
2591
3511
70
1402
554
1261
1221
1425
513
1714
1651
818
703
1798
1860
3103
1343
879
2608
2440
15
1288
2947
515
735
2549
2751
1533
2533
1821
1811
2374
1463
2156
3046
3341
2284
813
3228
2800
946
2737
59
205
778
24
2645
1287
1007
2992
1790
644
961
2592
1309
2619
1587
2845
1584
19
1961
2231
1987
1053
815
702
3051
1488
9
3477
1603
857
31
2680
2234
2686
1873
91
1658
508
1611
603
2247
2015
3465
1405
2877
1878
2401
1095
2197
12
1530
1523
1280
1016
2946
2336
2544
1885
1834
1988
553
2276
1666
1450
2609
3165
1820
1534
3014
1915
726
2294
584
3201
788
2758
1352
3053
1872
206
3506
2356
833
13
606
155
2982
2588
2684
3132
2372
711
2086
2295
1264
476
2499
2500
173
2089
2928
2141
990
45
3092
2296
1815
1270
1019
2827
2238
482
2426
2361
3069
2716
182
1423
2129
2358
943
1960
2235
1240
99
2269
1341
3503
1967
1275
653
1752
948
2310
2662
2906
2148
1272
1537
935
1662
1025
150
3002
1856
2955
1870
2026
2976
2453
3187
1541
1975
2412
2711
1274
1770
1630
1247
860
1779
1252
2174
115
131
2277
1952
1633
2364
1951
2340
1845
829
1935
518
64
1652
3162
632
1689
158
2367
2233
1948
1284
2935
3124
826
1026
533
3261
2801
802
2724
2904
1680
598
1460
1711
1041
1583
2566
2407
1037
93
2879
626
3536
21
3234
2717
2687
2847
2898
1738
1734
1903
10
1348
1741
2328
939
3013
1710
1612
2989
1321
1614
184
1937
2283
2206
1540
863
1393
933
2093
631
2570
2617
796
1762
947
1013
2291
549
3450
3004
135
2261
1212
697
1237
1949
1785
622
36
675
2386
3011
1969
1255
2820
2024
2293
3397
2653
748
754
3000
1888
48
1589
2979
1837
1145
1073
936
1936
2250
1198
2695
645
2065
638
707
787
1298
718
1962
659
955
759
640
2606
3257
791
51
3198
2654
2268
2263
1404
2430
124
3104
930
3381
2667
2164
565
1248
199
551
977
2049
2892
2390
2842
1505
3386
65
2860
526
805
1932
1092
2735
985
1231
2047
3095
995
1089
1251
2675
530
1509
2305
195
3007
2532
2363
2648
2941
3363
1487
1469
2831
3500
1804
2464
825
2081
945
2886
1472
2636
816
1657
1444
992
1213
1546
201
2115
1686
1468
613
3005
1354
1215
660
895
2491
949
2851
