2410
3541
847
1404
822
158
1905
1769
1725
1699
3198
2771
801
910
2708
1291
939
1062
1811
408
1053
1648
2321
2697
3219
182
787
1641
1393
3453
688
1318
1578
3242
707
630
263
1678
2785
1669
658
165
1255
2031
512
1632
2255
3340
1133
2068
2246
3208
1881
1396
613
2930
168
1936
885
3262
869
566
3200
52
3477
2540
466
2379
952
3392
1743
2043
1563
1343
2591
1184
2693
983
3299
133
1860
2568
1503
915
1455
2912
2713
1740
3423
473
3456
2330
2299
2582
2726
413
3319
1848
330
3502
2797
3277
3054
552
1324
2935
2874
2941
646
3349
3093
890
2595
872
2020
1079
1766
962
2227
2627
1722
1144
3301
2144
860
61
3428
2465
2998
1858
3061
2704
2701
2687
146
3030
3372
1487
95
478
3326
1537
2177
530
97
2968
2178
76
1058
1974
2112
2691
3443
617
3375
3177
1564
2298
3513
612
1803
441
1686
222
508
3072
2728
150
3223
2347
3345
1351
569
2405
1262
2438
406
2675
2763
766
1426
2261
1094
2531
927
2537
2344
2846
990
2571
1655
68
717
718
3011
1270
1303
89
2740
1197
897
388
935
37
3145
130
1152
1832
3271
2716
1177
1199
3237
434
2419
686
1861
634
1475
731
1479
1745
816
3295
3431
3073
2991
2626
26
1242
2229
1562
181
2748
1987
2833
1703
940
2982
67
1297
3035
2429
604
2107
3311
3287
3517
672
1889
3518
111
1397
840
2422
1445
3448
2010
558
641
3246
3467
2377
1215
609
1289
3172
1638
10
3552
1753
141
402
360
3049
2936
3454
1734
1078
3531
848
1268
1265
1956
2772
94
2140
3309
3243
3230
1807
2858
945
2519
2847
299
195
2070
2506
1780
3233
369
2183
24
760
2759
2329
1573
846
1150
1649
3350
842
2367
2430
3017
2635
2529
3363
3444
3076
929
3323
36
373
3221
1374
2481
2997
1181
2508
2222
3170
2779
1050
1419
3022
3471
1991
2685
895
640
584
3156
2037
1151
1702
2213
554
555
2962
1250
3085
416
3371
977
3304
3433
3362
2156
1697
1885
3386
2292
152
3325
2168
2049
835
521
2390
1444
1233
2842
3195
2864
1575
1645
384
2751
2957
281
916
800
3283
2618
893
122
2520
227
2896
161
2245
1837
1529
3535
169
2014
412
2943
2333
3210
2322
3116
3183
2042
2705
453
1186
2611
2324
1664
2058
3310
2005
2384
148
960
1925
1689
1822
2623
1550
1410
537
1130
1183
3101
813
135
1942
2163
1513
1589
1108
1208
2916
2538
1296
2396
1976
2416
1154
2742
1627
3155
22
622
2483
2036
3422
2114
3542
2870
1588
606
2724
588
59
1035
729
651
3407
3009
2209
1322
2161
1172
748
1248
2259
3204
353
3508
2338
3100
2929
1673
3279
1267
2106
2753
1741
55
1342
1968
1204
1466
1077
3388
1820
2467
1229
2844
3324
1235
2694
1222
2792
414
456
3510
932
1552
1116
344
3129
1607
153
2738
3355
2558
1169
1595
1409
2192
3430
147
1727
2065
1195
772
3106
2732
1421
3401
326
507
538
463
1951
3548
3347
2992
3306
1628
2967
3079
1349
1384
2758
1779
2563
3222
494
277
1561
2800
3228
541
3533
1755
1932
2688
2720
1148
2090
1516
691
3292
2909
1752
2518
1717
112
811
2479
2576
2457
13
2659
117
1829
965
737
1957
1283
2276
1574
1742
3523
2355
936
2815
979
1882
1259
1828
2681
3027
278
1231
896
3313
2656
3025
50
2950
3162
3206
2891
1046
818
2059
2889
2610
2911
2048
2609
2165
1264
2074
2615
1017
629
2309
2557
938
1880
1720
2116
2433
1429
2482
283
108
713
904
1711
1902
1700
2217
1446
2731
3249
1542
405
1434
2525
600
367
474
2135
3020
650
2225
515
592
719
918
2851
2560
2211
745
1701
964
3151
223
2218
817
3524
3393
1245
3150
322
1736
1498
1443
1165
1366
2698
843
2040
2651
234
3521
2786
1125
1041
2194
1372
644
1844
998
46
1301
1996
1714
2888
1791
240
834
3042
1247
2121
704
1336
2793
2313
3057
3315
519
2661
2778
2517
462
490
678
3376
1071
1131
1477
838
1911
1370
1660
297
1076
3346
71
742
1863
3482
509
284
3418
375
626
808
260
3089
3217
3166
586
2152
1799
2794
3194
1193
1285
3404
3336
324
137
2039
1806
3494
585
3512
385
2702
3180
2158
739
684
2773
394
3018
2971
1217
1577
1163
2103
1954
1146
63
2869
3344
944
1609
3189
1710
1483
1661
1680
3008
432
1907
3342
1142
3469
666
1476
3421
2966
1211
3113
290
2714
909
3384
1879
1716
2857
2053
912
2153
2376
470
2782
1947
500
3509
2019
1168
460
2550
1110
331
3118
1977
2051
3460
1006
3394
559
1294
2093
1840
2524
3034
1451
1768
2790
2350
3329
317
1567
69
2547
948
1281
2678
386
2749
662
2762
1099
124
1971
2931
1585
3218
1034
458
1179
2750
3549
2843
1887
1534
3173
230
3274
2199
753
48
2848
1873
544
2358
301
547
3149
1029
1767
2067
1109
1093
1599
2226
1101
335
2493
337
1450
1118
2495
2028
2277
614
2780
1008
1415
583
2331
2662
3160
2827
2536
720
969
1417
3001
1969
1663
2532
1871
3270
34
1733
1042
489
2427
2799
3190
3551
2755
2690
1178
1603
2944
833
288
1553
3074
2110
340
3212
2710
577
1570
2208
3176
1851
2791
2898
1712
2514
1548
1579
752
620
174
2994
3490
482
220
1625
2983
1690
424
2703
3550
3452
1198
3499
1113
1075
3144
2566
2264
155
2435
1618
2674
2801
114
431
14
2608
2230
1654
1527
762
2577
2721
377
483
496
1299
1900
1852
1557
2588
649
653
733
3260
167
3158
3026
2852
829
1601
3475
898
1867
1341
1392
665
2466
2882
3296
682
2766
3097
2426
3181
947
2553
2528
1123
2641
1399
1817
1874
60
352
3536
3380
1950
2603
2570
3202
2559
3540
1047
1636
3290
1582
1213
3543
694
715
631
1377
1554
501
3406
963
1356
25
1381
101
1432
2310
2979
2926
534
1685
722
2629
1308
3169
1620
2434
1787
2082
1009
2176
2269
1883
1724
1770
1492
3095
1774
1194
3410
865
271
1418
790
3133
3455
3303
2428
88
579
3485
245
1127
1398
1385
3447
3199
2098
2634
1104
958
31
1
3053
1647
3272
632
2562
1890
1737
2097
1480
2143
1667
2807
1382
3236
305
2346
438
623
2024
680
2975
293
2700
2906
2593
87
1927
2302
1617
1402
3495
3250
3501
3038
2868
2757
1830
2185
3332
2284
476
203
289
1671
42
2378
2764
2007
3215
1484
484
1509
2825
2498
693
134
1776
618
1332
1212
1219
2440
625
2503
3370
2057
675
3308
615
2736
29
3196
2719
513
1012
2464
1073
2080
1321
2293
1992
1877
3164
2353
917
925
1367
1362
2469
129
2054
1314
2443
1912
2696
1124
2472
1032
287
864
243
1096
1510
1790
2940
2286
2904
1082
3449
1866
2371
3154
2887
1228
246
3364
992
708
3409
2314
1518
3330
2436
1287
997
1955
2411
1413
3048
328
1497
314
2389
372
3179
51
3004
1234
660
2064
2128
1452
564
1080
560
3203
3005
2001
1095
769
724
2489
2104
2689
1809
953
3486
1815
3168
1565
210
1051
803
1958
33
1136
1623
590
2317
967
1115
2829
1944
1824
396
276
2016
3191
3137
3185
3187
2393
1568
11
2746
887
3055
72
1764
1066
2924
905
3047
1662
2151
3114
481
2402
3461
2507
2665
156
980
2900
1785
1467
172
873
984
1353
1405
192
2760
358
351
1796
1891
1201
1775
3297
2179
1379
570
1593
1433
2727
368
880
1139
3451
2948
3178
3307
1989
3211
1773
2734
110
2682
3354
302
677
3479
2287
2131
4
3105
2477
1156
1269
2823
2201
2170
1167
454
252
1271
3488
323
3278
1920
80
1985
1994
654
2956
1119
128
127
1827
363
2273
2062
1315
40
883
551
3013
2198
325
1274
3259
1756
2022
1915
1571
1566
2145
1966
2129
2077
2969
3063
2808
1960
3504
827
1521
568
2454
1238
1044
2686
1728
2539
596
1068
855
2315
2455
136
1469
486
2648
1098
3352
350
2733
1884
1045
3251
217
3120
1965
2447
2069
177
1272
857
2385
573
526
2903
567
1192
1615
2578
1923
1369
2488
2238
2132
16
2191
676
349
2149
1533
1541
469
2301
1420
1239
2008
1691
900
2290
2752
3130
966
1935
841
2671
1279
2612
2386
184
1003
2236
2826
621
1633
189
1140
1345
2516
164
495
451
784
1683
2015
2645
3188
1302
1640
820
3019
2319
986
2920
2383
3225
2552
502
66
138
750
2798
661
200
2141
2291
663
2086
3378
1705
311
1507
2296
2154
2581
2928
1675
1964
2444
2372
401
1549
3122
851
804
2471
2614
3396
1833
2707
510
1504
1097
199
3312
2680
1091
233
2101
1236
771
1926
780
1340
1253
1026
1106
1468
2765
716
354
1855
250
2985
1572
1849
942
3438
1823
1143
216
2126
1708
3293
1808
2458
2182
670
2788
934
2356
2636
3214
1000
2657
1908
1307
1619
1422
415
1670
1757
582
3381
1164
1320
2181
1602
1659
696
1937
825
1519
3265
3520
2463
142
3511
2283
3083
2880
823
1196
1298
1453
2357
1597
1406
956
1209
2172
3497
2905
346
778
973
874
132
976
1173
403
1584
1979
1835
300
805
2565
659
692
1838
1112
2231
86
1334
2981
1993
2148
1975
647
1637
3434
102
3261
999
113
1930
3400
2729
2910
2712
2468
2252
3327
419
2044
2838
2207
2205
776
2055
2412
1528
32
2046
2459
2189
2965
3138
1149
2203
3470
2190
2834
2654
955
1088
1629
736
2639
2354
1257
1496
3253
1389
303
2949
2945
1428
930
2332
186
1520
1064
1182
2937
836
1437
2959
2091
3383
120
981
2895
1147
2839
892
2006
721
2413
1189
3368
669
1784
1721
2569
3235
205
115
3415
1174
2544
1448
2789
2534
219
3405
725
2653
2343
924
1313
1344
832
1306
1074
485
881
1732
2078
3184
2841
1135
28
239
1706
1338
2805
2368
2884
2811
471
1810
783
3553
2167
2308
1888
0
3263
710
3256
3546
2369
2079
2011
1190
2513
1631
1081
2878
1665
911
1423
563
1359
457
225
1100
889
343
2777
2339
1474
2621
2487
2362
3134
1941
2456
2922
2451
2188
1919
275
54
2400
2363
679
532
399
3152
1161
1171
2237
2625
3153
1092
18
3240
859
1354
2187
2244
420
1427
831
1016
104
2111
2545
2863
78
3426
2522
1612
1329
1850
3220
3081
3516
45
2305
1759
3365
1280
178
3229
603
523
972
19
2197
2803
1387
1624
2644
2289
587
1401
131
3338
3254
2806
850
1317
2933
2041
2638
91
1330
2932
3280
3192
2265
294
2175
3316
1067
2407
43
642
84
3065
73
525
3099
2984
743
506
2125
1901
2952
589
1206
3124
797
862
1290
1788
1560
2624
868
706
464
228
2159
1069
2976
2341
1243
2304
926
5
3039
2462
2859
674
655
7
785
1868
652
2542
1021
1175
2602
1202
2855
2549
2958
2139
3247
1771
1027
207
2741
1536
2490
1644
1357
3163
535
1305
2448
2361
1505
398
334
1376
171
1373
3389
703
3213
858
1065
1726
545
198
1153
888
1814
1244
3165
41
726
2954
1114
1928
2717
3420
400
1719
3527
339
81
17
2420
298
1019
2770
2913
1621
638
3029
1538
3515
667
1295
1052
1416
1821
702
3131
1254
2774
3373
261
3107
2248
1310
1590
1085
2596
2530
3357
180
3333
1408
381
3148
426
2026
3045
1226
3366
118
53
3539
1087
1804
3041
1748
599
2892
3427
1897
1039
357
633
185
159
2816
64
697
201
1435
1240
3314
2266
3070
3088
209
2212
139
1763
144
1995
1715
1494
3335
3331
668
755
1129
2987
65
1089
540
1126
2861
605
2679
3276
2775
1061
3205
1414
2541
3033
531
643
1761
2023
1364
3197
1185
2804
3050
1783
578
3141
3282
1610
1731
2877
3538
876
3473
3385
572
2533
15
3484
2461
987
2587
472
2452
442
3466
2105
1735
1982
3356
2652
1400
2632
2442
1134
775
2598
444
1997
2947
2781
1117
2607
2927
1132
1388
1952
3234
3545
1478
251
268
901
1200
949
2013
2351
1040
539
345
6
2403
2902
2923
1216
47
1176
282
2239
700
3472
2643
1038
574
2262
273
1350
3032
837
258
1681
241
1692
3040
2725
1368
359
2633
1499
1028
1292
1614
332
2585
1906
1746
2474
224
1128
2548
961
2232
2699
2754
2837
779
2323
3321
516
1166
3014
1856
450
1403
2320
2628
116
1036
355
1170
517
270
2484
1750
2776
2099
698
1515
2666
2108
3322
3305
3412
2133
1263
2814
922
1459
2206
799
3031
1390
313
455
533
2620
1508
3115
1687
336
3493
306
781
1853
2147
1651
3231
1440
3091
96
2601
1327
1326
3468
106
2235
2970
2796
2030
1511
528
1634
3359
2918
920
2872
611
1276
2406
2174
2392
149
2035
1797
2119
211
3529
2795
2875
1205
845
190
213
2574
1592
1696
433
1559
2866
179
2052
1275
2120
3096
3051
310
1841
2136
236
1251
1412
907
1558
1425
1652
1214
119
504
1762
2437
2360
1160
1365
989
429
499
3463
2597
1395
3275
746
382
244
2787
2123
2951
208
542
788
1747
1792
1210
747
3216
285
1122
1895
1978
309
2783
1033
2670
2890
1916
2085
1931
3140
1946
3267
2220
1862
3302
3193
2527
1441
364
2247
2946
727
2810
1986
2496
2173
3353
1658
2003
3458
248
902
1530
2835
3224
3522
3037
125
247
3351
475
1024
3266
387
1679
1910
3090
1672
2473
2499
3136
2642
1777
809
1972
3227
3459
1463
1801
480
1049
2431
3289
1981
3411
3161
1751
226
2925
3159
2251
1729
3382
2573
3534
1055
1580
2083
2184
3526
1894
3046
479
157
1391
3446
237
3252
2480
1180
2567
2972
3121
1921
2180
315
1988
2118
985
3255
320
1489
2115
2204
3397
1598
212
1949
1793
170
3360
262
2210
